0.05 -1.95 -0.0273498 -0.0270281
0.05 -1.9 -0.0292135 -0.0286075
0.05 -1.85 -0.0311257 -0.030258
0.05 -1.8 -0.0330957 -0.0319815
0.05 -1.75 -0.0351294 -0.0337801
0.05 -1.7 -0.0372315 -0.0356555
0.05 -1.65 -0.0394055 -0.0376095
0.05 -1.6 -0.0416543 -0.0396437
0.05 -1.55 -0.0439804 -0.0417594
0.05 -1.5 -0.0463855 -0.0439578
0.05 -1.45 -0.0488711 -0.0462396
0.05 -1.4 -0.051438 -0.0486054
0.05 -1.35 -0.0540863 -0.0510551
0.05 -1.3 -0.0568155 -0.0535883
0.05 -1.25 -0.0596241 -0.0562039
0.05 -1.2 -0.0625099 -0.0589001
0.05 -1.15 -0.0654694 -0.0616742
0.05 -1.1 -0.068498 -0.0645226
0.05 -1.05 -0.0715894 -0.0674407
0.05 -1 -0.0747363 -0.0704224
0.05 -0.95 -0.077929 -0.0734602
0.05 -0.9 -0.0811566 -0.076545
0.05 -0.85 -0.0844059 -0.0796659
0.05 -0.8 -0.0876615 -0.0828097
0.05 -0.75 -0.0909063 -0.0859613
0.05 -0.7 -0.0941207 -0.089103
0.05 -0.65 -0.0972832 -0.0922146
0.05 -0.6 -0.10037 -0.0952734
0.05 -0.55 -0.103356 -0.0982541
0.05 -0.5 -0.106215 -0.101129
0.05 -0.45 -0.108918 -0.103868
0.05 -0.4 -0.111436 -0.106441
0.05 -0.35 -0.113741 -0.108813
0.05 -0.3 -0.115805 -0.110953
0.05 -0.25 -0.117601 -0.11283
0.05 -0.2 -0.119104 -0.114412
0.05 -0.15 -0.120294 -0.115673
0.05 -0.1 -0.121152 -0.11659
0.05 -0.05 -0.121665 -0.117148
0.05 1.11022e-016 -0.121826 -0.117335
0.05 0.05 -0.121633 -0.117148
0.05 0.1 -0.121088 -0.11659
0.05 0.15 -0.1202 -0.115673
0.05 0.2 -0.118983 -0.114412
0.05 0.25 -0.117454 -0.11283
0.05 0.3 -0.115635 -0.110953
0.05 0.35 -0.11355 -0.108813
0.05 0.4 -0.111225 -0.106441
0.05 0.45 -0.108686 -0.103868
0.05 0.5 -0.105961 -0.101129
0.05 0.55 -0.103076 -0.0982541
0.05 0.6 -0.100056 -0.0952734
0.05 0.65 -0.0969223 -0.0922146
0.05 0.7 -0.0936956 -0.089103
0.05 0.75 -0.0903909 -0.0859613
0.05 0.8 -0.0870174 -0.0828097
0.05 0.85 -0.0835744 -0.0796659
0.05 0.9 -0.0800421 -0.076545
0.05 0.95 -0.0763573 -0.0734602
0.05 1 -0.0723396 -0.0704224
0.1 -1.95 -0.0283737 -0.0277732
0.1 -1.9 -0.0305549 -0.0294072
0.1 -1.85 -0.0327734 -0.0311164
0.1 -1.8 -0.0350413 -0.032903
0.1 -1.75 -0.0373674 -0.0347693
0.1 -1.7 -0.0397587 -0.0367175
0.1 -1.65 -0.0422206 -0.0387498
0.1 -1.6 -0.0447576 -0.0408681
0.1 -1.55 -0.0473735 -0.0430743
0.1 -1.5 -0.0500712 -0.0453699
0.1 -1.45 -0.0528531 -0.0477562
0.1 -1.4 -0.0557209 -0.0502342
0.1 -1.35 -0.0586753 -0.0528046
0.1 -1.3 -0.0617163 -0.0554674
0.1 -1.25 -0.0648428 -0.0582221
0.1 -1.2 -0.0680524 -0.0610675
0.1 -1.15 -0.0713415 -0.0640015
0.1 -1.1 -0.0747049 -0.0670212
0.1 -1.05 -0.0781357 -0.0701223
0.1 -1 -0.081625 -0.0732993
0.1 -0.95 -0.085162 -0.076545
0.1 -0.9 -0.0887337 -0.0798506
0.1 -0.85 -0.0923245 -0.0832051
0.1 -0.8 -0.095917 -0.0865953
0.1 -0.75 -0.0994911 -0.0900053
0.1 -0.7 -0.103025 -0.0934166
0.1 -0.65 -0.106493 -0.0968076
0.1 -0.6 -0.10987 -0.100154
0.1 -0.55 -0.113128 -0.103427
0.1 -0.5 -0.116238 -0.106596
0.1 -0.45 -0.119169 -0.109627
0.1 -0.4 -0.121891 -0.112484
0.1 -0.35 -0.124375 -0.115129
0.1 -0.3 -0.126591 -0.117523
0.1 -0.25 -0.128513 -0.119628
0.1 -0.2 -0.130115 -0.121408
0.1 -0.15 -0.131377 -0.12283
0.1 -0.1 -0.132281 -0.123868
0.1 -0.05 -0.132816 -0.124498
0.1 1.11022e-016 -0.132974 -0.12471
0.1 0.05 -0.132752 -0.124498
0.1 0.1 -0.132156 -0.123868
0.1 0.15 -0.131192 -0.12283
0.1 0.2 -0.129875 -0.121408
0.1 0.25 -0.128223 -0.119628
0.1 0.3 -0.126256 -0.117523
0.1 0.35 -0.123999 -0.115129
0.1 0.4 -0.121477 -0.112484
0.1 0.45 -0.118716 -0.109627
0.1 0.5 -0.115744 -0.106596
0.1 0.55 -0.112585 -0.103427
0.1 0.6 -0.109263 -0.100154
0.1 0.65 -0.105799 -0.0968076
0.1 0.7 -0.10221 -0.0934166
0.1 0.75 -0.0985086 -0.0900053
0.1 0.8 -0.0946971 -0.0865953
0.1 0.85 -0.0907668 -0.0832051
0.1 0.9 -0.0866882 -0.0798506
0.1 0.95 -0.082396 -0.076545
0.1 1 -0.0777689 -0.0732993
0.1 1.05 -0.072632 -0.0701223
0.15 -1.95 -0.0293504 -0.0285015
0.15 -1.9 -0.0318256 -0.0301897
0.15 -1.85 -0.0343318 -0.0319571
0.15 -1.8 -0.0368821 -0.0338063
0.15 -1.75 -0.0394868 -0.0357401
0.15 -1.7 -0.0421542 -0.037761
0.15 -1.65 -0.0448913 -0.0398715
0.15 -1.6 -0.047704 -0.0420742
0.15 -1.55 -0.0505972 -0.0443711
0.15 -1.5 -0.053575 -0.0467646
0.15 -1.45 -0.0566407 -0.0492565
0.15 -1.4 -0.0597969 -0.0518483
0.15 -1.35 -0.0630449 -0.0545413
0.15 -1.3 -0.0663854 -0.0573362
0.15 -1.25 -0.0698175 -0.0602333
0.15 -1.2 -0.0733392 -0.0632321
0.15 -1.15 -0.0769467 -0.0663311
0.15 -1.1 -0.0806344 -0.0695283
0.15 -1.05 -0.0843949 -0.07282
0.15 -1 -0.0882182 -0.0762013
0.15 -0.95 -0.092092 -0.0796659
0.15 -0.9 -0.0960016 -0.0832051
0.15 -0.85 -0.0999296 -0.0868084
0.15 -0.8 -0.103856 -0.0904625
0.15 -0.75 -0.107758 -0.0941514
0.15 -0.7 -0.111611 -0.0978557
0.15 -0.65 -0.115387 -0.101553
0.15 -0.6 -0.119058 -0.105215
0.15 -0.55 -0.122593 -0.108813
0.15 -0.5 -0.12596 -0.112312
0.15 -0.45 -0.129126 -0.115673
0.15 -0.4 -0.132061 -0.118854
0.15 -0.35 -0.134732 -0.121811
0.15 -0.3 -0.137109 -0.124498
0.15 -0.25 -0.139165 -0.12687
0.15 -0.2 -0.140874 -0.128882
0.15 -0.15 -0.142215 -0.130494
0.15 -0.1 -0.143171 -0.131672
0.15 -0.05 -0.143731 -0.132389
0.15 1.11022e-016 -0.143886 -0.13263
0.15 0.05 -0.143636 -0.132389
0.15 0.1 -0.142985 -0.131672
0.15 0.15 -0.141942 -0.130494
0.15 0.2 -0.14052 -0.128882
0.15 0.25 -0.138739 -0.12687
0.15 0.3 -0.136618 -0.124498
0.15 0.35 -0.134183 -0.121811
0.15 0.4 -0.13146 -0.118854
0.15 0.45 -0.128474 -0.115673
0.15 0.5 -0.125252 -0.112312
0.15 0.55 -0.121819 -0.108813
0.15 0.6 -0.1182 -0.105215
0.15 0.65 -0.114413 -0.101553
0.15 0.7 -0.110475 -0.0978557
0.15 0.75 -0.106397 -0.0941514
0.15 0.8 -0.10218 -0.0904625
0.15 0.85 -0.0978147 -0.0868084
0.15 0.9 -0.0932767 -0.0832051
0.15 0.95 -0.0885202 -0.0796659
0.15 1 -0.0834791 -0.0762013
0.15 1.05 -0.0780889 -0.07282
0.15 1.1 -0.0723562 -0.0695283
0.2 -1.95 -0.030282 -0.0292102
0.2 -1.9 -0.0330279 -0.0309516
0.2 -1.85 -0.0358018 -0.0327765
0.2 -1.8 -0.0386165 -0.0346877
0.2 -1.75 -0.0414832 -0.0366883
0.2 -1.7 -0.0444111 -0.0387813
0.2 -1.65 -0.0474083 -0.0409697
0.2 -1.6 -0.0504819 -0.0432563
0.2 -1.55 -0.0536377 -0.0456441
0.2 -1.5 -0.0568809 -0.0481357
0.2 -1.45 -0.0602158 -0.0507336
0.2 -1.4 -0.0636457 -0.0534401
0.2 -1.35 -0.0671729 -0.056257
0.2 -1.3 -0.0707986 -0.0591861
0.2 -1.25 -0.0745226 -0.0622281
0.2 -1.2 -0.078343 -0.0653836
0.2 -1.15 -0.0822564 -0.0686522
0.2 -1.1 -0.0862571 -0.0720323
0.2 -1.05 -0.0903369 -0.0755215
0.2 -1 -0.0944852 -0.0791159
0.2 -0.95 -0.0986886 -0.0828097
0.2 -0.9 -0.102931 -0.0865953
0.2 -0.85 -0.107192 -0.0904625
0.2 -0.8 -0.11145 -0.0943987
0.2 -0.75 -0.11568 -0.0983876
0.2 -0.7 -0.119854 -0.102409
0.2 -0.65 -0.123942 -0.106441
0.2 -0.6 -0.127911 -0.110452
0.2 -0.55 -0.131729 -0.114412
0.2 -0.5 -0.135362 -0.11828
0.2 -0.45 -0.138773 -0.122014
0.2 -0.4 -0.141929 -0.125565
0.2 -0.35 -0.144797 -0.128882
0.2 -0.3 -0.147345 -0.13191
0.2 -0.25 -0.149544 -0.134593
0.2 -0.2 -0.151368 -0.136878
0.2 -0.15 -0.152795 -0.138714
0.2 -0.1 -0.153809 -0.14006
0.2 -0.05 -0.154396 -0.140881
0.2 1.11022e-016 -0.154551 -0.141157
0.2 0.05 -0.154273 -0.140881
0.2 0.1 -0.153565 -0.14006
0.2 0.15 -0.152439 -0.138714
0.2 0.2 -0.150908 -0.136878
0.2 0.25 -0.148992 -0.134593
0.2 0.3 -0.146712 -0.13191
0.2 0.35 -0.144095 -0.128882
0.2 0.4 -0.141165 -0.125565
0.2 0.45 -0.137951 -0.122014
0.2 0.5 -0.134479 -0.11828
0.2 0.55 -0.130775 -0.114412
0.2 0.6 -0.126863 -0.110452
0.2 0.65 -0.122763 -0.106441
0.2 0.7 -0.118492 -0.102409
0.2 0.75 -0.114059 -0.0983876
0.2 0.8 -0.109471 -0.0943987
0.2 0.85 -0.10472 -0.0904625
0.2 0.9 -0.0997912 -0.0865953
0.2 0.95 -0.094659 -0.0828097
0.2 1 -0.0892908 -0.0791159
0.2 1.05 -0.0836622 -0.0755215
0.2 1.1 -0.0777787 -0.0720323
0.2 1.15 -0.0716711 -0.0686522
0.25 -1.95 -0.0311678 -0.029896
0.25 -1.9 -0.0341616 -0.0316898
0.25 -1.85 -0.037182 -0.033571
0.25 -1.8 -0.0402416 -0.0355431
0.25 -1.75 -0.0433518 -0.0376095
0.25 -1.7 -0.0465225 -0.0397737
0.25 -1.65 -0.0497626 -0.042039
0.25 -1.6 -0.05308 -0.044409
0.25 -1.55 -0.0564816 -0.046887
0.25 -1.5 -0.0599734 -0.0494763
0.25 -1.45 -0.0635607 -0.0521801
0.25 -1.4 -0.0672476 -0.0550015
0.25 -1.35 -0.0710374 -0.0579431
0.25 -1.3 -0.0749321 -0.0610073
0.25 -1.25 -0.0789322 -0.0641962
0.25 -1.2 -0.0830366 -0.067511
0.25 -1.15 -0.0872419 -0.0709525
0.25 -1.1 -0.0915427 -0.0745204
0.25 -1.05 -0.0959307 -0.0782133
0.25 -1 -0.100395 -0.0820284
0.25 -0.95 -0.10492 -0.0859613
0.25 -0.9 -0.109489 -0.0900053
0.25 -0.85 -0.114081 -0.0941514
0.25 -0.8 -0.11867 -0.0983876
0.25 -0.75 -0.123229 -0.102698
0.25 -0.7 -0.127727 -0.107064
0.25 -0.65 -0.132131 -0.111459
0.25 -0.6 -0.136406 -0.115855
0.25 -0.55 -0.140516 -0.120216
0.25 -0.5 -0.144422 -0.124498
0.25 -0.45 -0.148088 -0.128655
0.25 -0.4 -0.151477 -0.13263
0.25 -0.35 -0.154553 -0.136363
0.25 -0.3 -0.157282 -0.139788
0.25 -0.25 -0.159634 -0.142839
0.25 -0.2 -0.161582 -0.145448
0.25 -0.15 -0.163103 -0.147553
0.25 -0.1 -0.164179 -0.1491
0.25 -0.05 -0.164799 -0.150046
0.25 1.11022e-016 -0.164955 -0.150364
0.25 0.05 -0.164648 -0.150046
0.25 0.1 -0.163882 -0.1491
0.25 0.15 -0.162669 -0.147553
0.25 0.2 -0.161025 -0.145448
0.25 0.25 -0.158969 -0.142839
0.25 0.3 -0.156525 -0.139788
0.25 0.35 -0.15372 -0.136363
0.25 0.4 -0.150581 -0.13263
0.25 0.45 -0.147137 -0.128655
0.25 0.5 -0.143415 -0.124498
0.25 0.55 -0.139443 -0.120216
0.25 0.6 -0.135244 -0.115855
0.25 0.65 -0.130841 -0.111459
0.25 0.7 -0.126252 -0.107064
0.25 0.75 -0.121489 -0.102698
0.25 0.8 -0.116559 -0.0983876
0.25 0.85 -0.111463 -0.0941514
0.25 0.9 -0.106195 -0.0900053
0.25 0.95 -0.100744 -0.0859613
0.25 1 -0.0950963 -0.0820284
0.25 1.05 -0.0892466 -0.0782133
0.25 1.1 -0.0832036 -0.0745204
0.25 1.15 -0.0769909 -0.0709525
0.25 1.2 -0.0706421 -0.067511
0.3 -1.95 -0.0320058 -0.0305561
0.3 -1.9 -0.0352248 -0.0324007
0.3 -1.85 -0.03847 -0.034337
0.3 -1.8 -0.0417536 -0.0363686
0.3 -1.75 -0.0450873 -0.0384994
0.3 -1.7 -0.0484814 -0.0407333
0.3 -1.65 -0.0519452 -0.0430743
0.3 -1.6 -0.0554875 -0.0455263
0.3 -1.55 -0.0591159 -0.0480933
0.3 -1.5 -0.0628373 -0.0507793
0.3 -1.45 -0.066658 -0.0535883
0.3 -1.4 -0.0705832 -0.056524
0.3 -1.35 -0.0746169 -0.05959
0.3 -1.3 -0.0787623 -0.0627898
0.3 -1.25 -0.0830208 -0.0661263
0.3 -1.2 -0.087392 -0.0696021
0.3 -1.15 -0.0918735 -0.073219
0.3 -1.1 -0.0964602 -0.0769783
0.3 -1.05 -0.101144 -0.0808798
0.3 -1 -0.105913 -0.0849224
0.3 -0.95 -0.110753 -0.089103
0.3 -0.9 -0.115644 -0.0934166
0.3 -0.85 -0.120562 -0.0978557
0.3 -0.8 -0.125482 -0.102409
0.3 -0.75 -0.130372 -0.107064
0.3 -0.7 -0.135199 -0.111799
0.3 -0.65 -0.139926 -0.11659
0.3 -0.6 -0.144515 -0.121408
0.3 -0.55 -0.148925 -0.126214
0.3 -0.5 -0.153117 -0.130962
0.3 -0.45 -0.15705 -0.135598
0.3 -0.4 -0.160683 -0.14006
0.3 -0.35 -0.163978 -0.144275
0.3 -0.3 -0.166901 -0.148167
0.3 -0.25 -0.169417 -0.151653
0.3 -0.2 -0.171498 -0.154651
0.3 -0.15 -0.173121 -0.15708
0.3 -0.1 -0.174266 -0.158872
0.3 -0.05 -0.174922 -0.15997
0.3 1.11022e-016 -0.175081 -0.16034
0.3 0.05 -0.174745 -0.15997
0.3 0.1 -0.173919 -0.158872
0.3 0.15 -0.172616 -0.15708
0.3 0.2 -0.170854 -0.154651
0.3 0.25 -0.168653 -0.151653
0.3 0.3 -0.166041 -0.148167
0.3 0.35 -0.163044 -0.144275
0.3 0.4 -0.159692 -0.14006
0.3 0.45 -0.156016 -0.135598
0.3 0.5 -0.152045 -0.130962
0.3 0.55 -0.147807 -0.126214
0.3 0.6 -0.143329 -0.121408
0.3 0.65 -0.138634 -0.11659
0.3 0.7 -0.133742 -0.111799
0.3 0.75 -0.128668 -0.107064
0.3 0.8 -0.123424 -0.102409
0.3 0.85 -0.118017 -0.0978557
0.3 0.9 -0.112447 -0.0934166
0.3 0.95 -0.106714 -0.089103
0.3 1 -0.100818 -0.0849224
0.3 1.05 -0.0947627 -0.0808798
0.3 1.1 -0.0885599 -0.0769783
0.3 1.15 -0.0822311 -0.073219
0.3 1.2 -0.0758044 -0.0696021
0.3 1.25 -0.0693124 -0.0661263
0.35 -1.95 -0.0327933 -0.0311873
0.35 -1.9 -0.0362147 -0.0330811
0.35 -1.85 -0.0396623 -0.0350707
0.35 -1.8 -0.0431483 -0.03716
0.35 -1.75 -0.0466842 -0.0393534
0.35 -1.7 -0.0502806 -0.0416553
0.35 -1.65 -0.0539473 -0.04407
0.35 -1.6 -0.0576937 -0.0466022
0.35 -1.55 -0.061528 -0.0492565
0.35 -1.5 -0.0654582 -0.0520375
0.35 -1.45 -0.0694913 -0.0549501
0.35 -1.4 -0.0736335 -0.0579987
0.35 -1.35 -0.0778901 -0.0611881
0.35 -1.3 -0.0822654 -0.0645226
0.35 -1.25 -0.0867621 -0.0680065
0.35 -1.2 -0.091381 -0.0716436
0.35 -1.15 -0.0961208 -0.0754373
0.35 -1.1 -0.100977 -0.0793901
0.35 -1.05 -0.105943 -0.0835038
0.35 -1 -0.111006 -0.087779
0.35 -0.95 -0.116151 -0.0922146
0.35 -0.9 -0.121358 -0.0968076
0.35 -0.85 -0.126601 -0.101553
0.35 -0.8 -0.131852 -0.106441
0.35 -0.75 -0.137076 -0.111459
0.35 -0.7 -0.142237 -0.11659
0.35 -0.65 -0.147295 -0.121811
0.35 -0.6 -0.152207 -0.12709
0.35 -0.55 -0.15693 -0.132389
0.35 -0.5 -0.161419 -0.137658
0.35 -0.45 -0.165631 -0.142839
0.35 -0.4 -0.169522 -0.147859
0.35 -0.35 -0.17305 -0.152637
0.35 -0.3 -0.176178 -0.15708
0.35 -0.25 -0.17887 -0.161087
0.35 -0.2 -0.181095 -0.164554
0.35 -0.15 -0.182828 -0.167379
0.35 -0.1 -0.184049 -0.169472
0.35 -0.05 -0.184745 -0.170759
0.35 1.11022e-016 -0.18491 -0.171194
0.35 0.05 -0.184545 -0.170759
0.35 0.1 -0.183657 -0.169472
0.35 0.15 -0.182261 -0.167379
0.35 0.2 -0.180375 -0.164554
0.35 0.25 -0.178025 -0.161087
0.35 0.3 -0.175238 -0.15708
0.35 0.35 -0.172045 -0.152637
0.35 0.4 -0.168478 -0.147859
0.35 0.45 -0.164568 -0.142839
0.35 0.5 -0.160349 -0.137658
0.35 0.55 -0.155849 -0.132389
0.35 0.6 -0.151098 -0.12709
0.35 0.65 -0.146121 -0.121811
0.35 0.7 -0.140941 -0.11659
0.35 0.75 -0.135576 -0.111459
0.35 0.8 -0.130041 -0.106441
0.35 0.85 -0.124347 -0.101553
0.35 0.9 -0.118504 -0.0968076
0.35 0.95 -0.112518 -0.0922146
0.35 1 -0.106395 -0.087779
0.35 1.05 -0.100147 -0.0835038
0.35 1.1 -0.0937876 -0.0793901
0.35 1.15 -0.0873382 -0.0754373
0.35 1.2 -0.0808238 -0.0716436
0.35 1.25 -0.0742733 -0.0680065
0.35 1.3 -0.0677175 -0.0645226
0.4 -1.95 -0.0335276 -0.0317866
0.4 -1.9 -0.0371282 -0.0337277
0.4 -1.85 -0.0407554 -0.0357684
0.4 -1.8 -0.0444212 -0.0379133
0.4 -1.75 -0.0481369 -0.040167
0.4 -1.7 -0.0519133 -0.0425345
0.4 -1.65 -0.0557607 -0.0450206
0.4 -1.6 -0.0596886 -0.0476306
0.4 -1.55 -0.0637063 -0.0503697
0.4 -1.5 -0.0678222 -0.0532434
0.4 -1.45 -0.0720444 -0.056257
0.4 -1.4 -0.0763802 -0.0594164
0.4 -1.35 -0.0808362 -0.062727
0.4 -1.3 -0.085418 -0.0661945
0.4 -1.25 -0.09013 -0.0698243
0.4 -1.2 -0.0949747 -0.0736217
0.4 -1.15 -0.0999523 -0.0775917
0.4 -1.1 -0.10506 -0.0817387
0.4 -1.05 -0.110291 -0.0860664
0.4 -1 -0.115636 -0.0905775
0.4 -0.95 -0.121077 -0.0952734
0.4 -0.9 -0.126593 -0.100154
0.4 -0.85 -0.132159 -0.105215
0.4 -0.8 -0.137741 -0.110452
0.4 -0.75 -0.143303 -0.115855
0.4 -0.7 -0.148805 -0.121408
0.4 -0.65 -0.154203 -0.12709
0.4 -0.6 -0.159449 -0.132872
0.4 -0.55 -0.164497 -0.138714
0.4 -0.5 -0.169298 -0.144566
0.4 -0.45 -0.173803 -0.150364
0.4 -0.4 -0.177966 -0.156028
0.4 -0.35 -0.181742 -0.161464
0.4 -0.3 -0.185088 -0.16656
0.4 -0.25 -0.187968 -0.171194
0.4 -0.2 -0.190348 -0.175234
0.4 -0.15 -0.1922 -0.178549
0.4 -0.1 -0.193504 -0.181018
0.4 -0.05 -0.194246 -0.182542
0.4 1.11022e-016 -0.194418 -0.183058
0.4 0.05 -0.194024 -0.182542
0.4 0.1 -0.193072 -0.181018
0.4 0.15 -0.191578 -0.178549
0.4 0.2 -0.189565 -0.175234
0.4 0.25 -0.18706 -0.171194
0.4 0.3 -0.184094 -0.16656
0.4 0.35 -0.180701 -0.161464
0.4 0.4 -0.176915 -0.156028
0.4 0.45 -0.172771 -0.150364
0.4 0.5 -0.168304 -0.144566
0.4 0.55 -0.163547 -0.138714
0.4 0.6 -0.158529 -0.132872
0.4 0.65 -0.15328 -0.12709
0.4 0.7 -0.147825 -0.121408
0.4 0.75 -0.142184 -0.115855
0.4 0.8 -0.136377 -0.110452
0.4 0.85 -0.13042 -0.105215
0.4 0.9 -0.124325 -0.100154
0.4 0.95 -0.118106 -0.0952734
0.4 1 -0.111775 -0.0905775
0.4 1.05 -0.105345 -0.0860664
0.4 1.1 -0.0988345 -0.0817387
0.4 1.15 -0.0922639 -0.0775917
0.4 1.2 -0.0856569 -0.0736217
0.4 1.25 -0.0790401 -0.0698243
0.4 1.3 -0.0724417 -0.0661945
0.4 1.35 -0.0658906 -0.062727
0.45 -1.95 -0.0342057 -0.032351
0.45 -1.9 -0.0379622 -0.034337
0.45 -1.85 -0.0417457 -0.0364264
0.45 -1.8 -0.0455679 -0.0386244
0.45 -1.75 -0.0494401 -0.0409358
0.45 -1.7 -0.0533732 -0.043366
0.45 -1.65 -0.0573776 -0.0459207
0.45 -1.6 -0.0614632 -0.0486054
0.45 -1.55 -0.0656397 -0.0514262
0.45 -1.5 -0.0699164 -0.0543892
0.45 -1.45 -0.0743023 -0.0575008
0.45 -1.4 -0.0788057 -0.0607676
0.45 -1.35 -0.0834349 -0.0641962
0.45 -1.3 -0.088197 -0.0677935
0.45 -1.25 -0.0930983 -0.0715663
0.45 -1.2 -0.0981435 -0.0755215
0.45 -1.15 -0.103335 -0.0796659
0.45 -1.1 -0.108673 -0.0840057
0.45 -1.05 -0.114151 -0.0885471
0.45 -1 -0.119761 -0.0932951
0.45 -0.95 -0.125487 -0.0982541
0.45 -0.9 -0.131307 -0.103427
0.45 -0.85 -0.137192 -0.108813
0.45 -0.8 -0.143107 -0.114412
0.45 -0.75 -0.149013 -0.120216
0.45 -0.7 -0.154864 -0.126214
0.45 -0.65 -0.160612 -0.132389
0.45 -0.6 -0.166205 -0.138714
0.45 -0.55 -0.171592 -0.145153
0.45 -0.5 -0.176718 -0.151653
0.45 -0.45 -0.181533 -0.158149
0.45 -0.4 -0.185984 -0.164554
0.45 -0.35 -0.190022 -0.170759
0.45 -0.3 -0.193603 -0.176635
0.45 -0.25 -0.196684 -0.18203
0.45 -0.2 -0.199231 -0.186778
0.45 -0.15 -0.201213 -0.190706
0.45 -0.1 -0.202607 -0.193653
0.45 -0.05 -0.203398 -0.195481
0.45 1.11022e-016 -0.203581 -0.196101
0.45 0.05 -0.203157 -0.195481
0.45 0.1 -0.202138 -0.193653
0.45 0.15 -0.200543 -0.190706
0.45 0.2 -0.198397 -0.186778
0.45 0.25 -0.195731 -0.18203
0.45 0.3 -0.19258 -0.176635
0.45 0.35 -0.188982 -0.170759
0.45 0.4 -0.184974 -0.164554
0.45 0.45 -0.180596 -0.158149
0.45 0.5 -0.175883 -0.151653
0.45 0.55 -0.170871 -0.145153
0.45 0.6 -0.165595 -0.138714
0.45 0.65 -0.160083 -0.132389
0.45 0.7 -0.154364 -0.126214
0.45 0.75 -0.148463 -0.120216
0.45 0.8 -0.142401 -0.114412
0.45 0.85 -0.136198 -0.108813
0.45 0.9 -0.129871 -0.103427
0.45 0.95 -0.123437 -0.0982541
0.45 1 -0.116911 -0.0932951
0.45 1.05 -0.11031 -0.0885471
0.45 1.1 -0.103655 -0.0840057
0.45 1.15 -0.0969645 -0.0796659
0.45 1.2 -0.0902633 -0.0755215
0.45 1.25 -0.0835759 -0.0715663
0.45 1.3 -0.0769287 -0.0677935
0.45 1.35 -0.0703488 -0.0641962
0.45 1.4 -0.0638637 -0.0607676
0.5 -1.95 -0.0348248 -0.0328776
0.5 -1.9 -0.0387135 -0.0349059
0.5 -1.85 -0.0426296 -0.0370413
0.5 -1.8 -0.0465845 -0.0392893
0.5 -1.75 -0.0505893 -0.0416553
0.5 -1.7 -0.0546547 -0.044145
0.5 -1.65 -0.0587912 -0.0467646
0.5 -1.6 -0.0630092 -0.0495204
0.5 -1.55 -0.0673185 -0.052419
0.5 -1.5 -0.0717292 -0.0554674
0.5 -1.45 -0.0762511 -0.0586727
0.5 -1.4 -0.0808938 -0.0620426
0.5 -1.35 -0.0856669 -0.0655849
0.5 -1.3 -0.0905797 -0.0693076
0.5 -1.25 -0.0956406 -0.073219
0.5 -1.2 -0.100857 -0.0773278
0.5 -1.15 -0.106235 -0.0816425
0.5 -1.1 -0.111777 -0.0861717
0.5 -1.05 -0.117481 -0.0909239
0.5 -1 -0.123339 -0.0959072
0.5 -0.95 -0.129337 -0.101129
0.5 -0.9 -0.135453 -0.106596
0.5 -0.85 -0.141655 -0.112312
0.5 -0.8 -0.147905 -0.11828
0.5 -0.75 -0.15416 -0.124498
0.5 -0.7 -0.16037 -0.130962
0.5 -0.65 -0.16648 -0.137658
0.5 -0.6 -0.172434 -0.144566
0.5 -0.55 -0.178175 -0.151653
0.5 -0.5 -0.183644 -0.158872
0.5 -0.45 -0.188785 -0.166154
0.5 -0.4 -0.19354 -0.173409
0.5 -0.35 -0.197858 -0.180517
0.5 -0.3 -0.201688 -0.187326
0.5 -0.25 -0.204986 -0.193653
0.5 -0.2 -0.207712 -0.199284
0.5 -0.15 -0.209834 -0.203994
0.5 -0.1 -0.211326 -0.207557
0.5 -0.05 -0.212173 -0.209782
0.5 1.11022e-016 -0.212368 -0.210539
0.5 0.05 -0.211914 -0.209782
0.5 0.1 -0.210824 -0.207557
0.5 0.15 -0.209122 -0.203994
0.5 0.2 -0.206837 -0.199284
0.5 0.25 -0.204004 -0.193653
0.5 0.3 -0.200664 -0.187326
0.5 0.35 -0.196857 -0.180517
0.5 0.4 -0.192625 -0.173409
0.5 0.45 -0.18801 -0.166154
0.5 0.5 -0.183054 -0.158872
0.5 0.55 -0.177793 -0.151653
0.5 0.6 -0.172263 -0.144566
0.5 0.65 -0.166499 -0.137658
0.5 0.7 -0.160529 -0.130962
0.5 0.75 -0.154381 -0.124498
0.5 0.8 -0.148079 -0.11828
0.5 0.85 -0.141647 -0.112312
0.5 0.9 -0.135103 -0.106596
0.5 0.95 -0.128468 -0.101129
0.5 1 -0.121761 -0.0959072
0.5 1.05 -0.115 -0.0909239
0.5 1.1 -0.108206 -0.0861717
0.5 1.15 -0.1014 -0.0816425
0.5 1.2 -0.0946056 -0.0773278
0.5 1.25 -0.087846 -0.073219
0.5 1.3 -0.0811466 -0.0693076
0.5 1.35 -0.0745331 -0.0655849
0.5 1.4 -0.0680313 -0.0620426
0.5 1.45 -0.0616675 -0.0586727
0.55 -1.95 -0.0353823 -0.0333636
0.55 -1.9 -0.0393795 -0.0354312
0.55 -1.85 -0.0434042 -0.0376095
0.55 -1.8 -0.0474675 -0.0399042
0.55 -1.75 -0.0515802 -0.0423212
0.55 -1.7 -0.0557529 -0.0448666
0.55 -1.65 -0.0599959 -0.0475472
0.55 -1.6 -0.0643197 -0.0503697
0.55 -1.55 -0.0687344 -0.0533416
0.55 -1.5 -0.0732506 -0.0564704
0.55 -1.45 -0.0778787 -0.0597644
0.55 -1.4 -0.0826296 -0.0632321
0.55 -1.35 -0.0875145 -0.0668823
0.55 -1.3 -0.0925446 -0.0707246
0.55 -1.25 -0.0977314 -0.0747687
0.55 -1.2 -0.103086 -0.0790249
0.55 -1.15 -0.108617 -0.0835038
0.55 -1.1 -0.114333 -0.0882164
0.55 -1.05 -0.120236 -0.093174
0.55 -1 -0.126322 -0.0983876
0.55 -0.95 -0.132577 -0.103868
0.55 -0.9 -0.13898 -0.109627
0.55 -0.85 -0.145496 -0.115673
0.55 -0.8 -0.152085 -0.122014
0.55 -0.75 -0.158697 -0.128655
0.55 -0.7 -0.165275 -0.135598
0.55 -0.65 -0.171761 -0.142839
0.55 -0.6 -0.178092 -0.150364
0.55 -0.55 -0.184205 -0.158149
0.55 -0.5 -0.190034 -0.166154
0.55 -0.45 -0.195519 -0.174315
0.55 -0.4 -0.200597 -0.182542
0.55 -0.35 -0.205211 -0.190706
0.55 -0.3 -0.209308 -0.198636
0.55 -0.25 -0.212837 -0.20611
0.55 -0.2 -0.215756 -0.21286
0.55 -0.15 -0.21803 -0.21858
0.55 -0.1 -0.219629 -0.222958
0.55 -0.05 -0.220537 -0.225716
0.55 1.11022e-016 -0.220745 -0.226658
0.55 0.05 -0.22026 -0.225716
0.55 0.1 -0.219096 -0.222958
0.55 0.15 -0.217281 -0.21858
0.55 0.2 -0.21485 -0.21286
0.55 0.25 -0.211844 -0.20611
0.55 0.3 -0.208307 -0.198636
0.55 0.35 -0.204287 -0.190706
0.55 0.4 -0.199829 -0.182542
0.55 0.45 -0.194979 -0.174315
0.55 0.5 -0.189781 -0.166154
0.55 0.55 -0.184276 -0.158149
0.55 0.6 -0.178501 -0.150364
0.55 0.65 -0.172493 -0.142839
0.55 0.7 -0.166284 -0.135598
0.55 0.75 -0.159902 -0.128655
0.55 0.8 -0.153376 -0.122014
0.55 0.85 -0.146729 -0.115673
0.55 0.9 -0.139984 -0.109627
0.55 0.95 -0.133163 -0.103868
0.55 1 -0.126287 -0.0983876
0.55 1.05 -0.119376 -0.093174
0.55 1.1 -0.112451 -0.0882164
0.55 1.15 -0.105535 -0.0835038
0.55 1.2 -0.0986493 -0.0790249
0.55 1.25 -0.0918181 -0.0747687
0.55 1.3 -0.0850651 -0.0707246
0.55 1.35 -0.0784152 -0.0668823
0.55 1.4 -0.071893 -0.0632321
0.55 1.45 -0.0655235 -0.0597644
0.55 1.5 -0.0593315 -0.0564704
0.6 -1.95 -0.0358759 -0.0338063
0.6 -1.9 -0.0399577 -0.0359101
0.6 -1.85 -0.044067 -0.0381278
0.6 -1.8 -0.0482143 -0.0404655
0.6 -1.75 -0.05241 -0.0429294
0.6 -1.7 -0.0566644 -0.0455263
0.6 -1.65 -0.0609875 -0.0482631
0.6 -1.6 -0.0653896 -0.0511475
0.6 -1.55 -0.0698811 -0.0541873
0.6 -1.5 -0.0744726 -0.057391
0.6 -1.45 -0.0791752 -0.0607676
0.6 -1.4 -0.0840007 -0.0643265
0.6 -1.35 -0.0889617 -0.0680778
0.6 -1.3 -0.0940719 -0.0720323
0.6 -1.25 -0.0993458 -0.0762013
0.6 -1.2 -0.104798 -0.0805969
0.6 -1.15 -0.110445 -0.0852317
0.6 -1.1 -0.116299 -0.0901192
0.6 -1.05 -0.122368 -0.0952734
0.6 -1 -0.128656 -0.100709
0.6 -0.95 -0.135151 -0.106441
0.6 -0.9 -0.141831 -0.112484
0.6 -0.85 -0.148661 -0.118854
0.6 -0.8 -0.155592 -0.125565
0.6 -0.75 -0.16257 -0.13263
0.6 -0.7 -0.169531 -0.14006
0.6 -0.65 -0.176408 -0.147859
0.6 -0.6 -0.183133 -0.156028
0.6 -0.55 -0.189635 -0.164554
0.6 -0.5 -0.195844 -0.173409
0.6 -0.45 -0.201692 -0.182542
0.6 -0.4 -0.207112 -0.19187
0.6 -0.35 -0.212041 -0.201265
0.6 -0.3 -0.21642 -0.210539
0.6 -0.25 -0.220197 -0.219435
0.6 -0.2 -0.223324 -0.227613
0.6 -0.15 -0.225761 -0.234667
0.6 -0.1 -0.227477 -0.240149
0.6 -0.05 -0.228451 -0.243643
0.6 1.11022e-016 -0.228675 -0.244845
0.6 0.05 -0.228156 -0.243643
0.6 0.1 -0.226913 -0.240149
0.6 0.15 -0.224978 -0.234667
0.6 0.2 -0.222394 -0.227613
0.6 0.25 -0.219207 -0.219435
0.6 0.3 -0.215469 -0.210539
0.6 0.35 -0.211231 -0.201265
0.6 0.4 -0.206546 -0.19187
0.6 0.45 -0.201462 -0.182542
0.6 0.5 -0.196026 -0.173409
0.6 0.55 -0.190282 -0.164554
0.6 0.6 -0.184271 -0.156028
0.6 0.65 -0.178031 -0.147859
0.6 0.7 -0.171594 -0.14006
0.6 0.75 -0.164993 -0.13263
0.6 0.8 -0.158256 -0.125565
0.6 0.85 -0.15141 -0.118854
0.6 0.9 -0.144479 -0.112484
0.6 0.95 -0.137486 -0.106441
0.6 1 -0.130453 -0.100709
0.6 1.05 -0.123402 -0.0952734
0.6 1.1 -0.116356 -0.0901192
0.6 1.15 -0.109335 -0.0852317
0.6 1.2 -0.102363 -0.0805969
0.6 1.25 -0.095462 -0.0762013
0.6 1.3 -0.088656 -0.0720323
0.6 1.35 -0.0819687 -0.0680778
0.6 1.4 -0.0754238 -0.0643265
0.6 1.45 -0.0690454 -0.0607676
0.6 1.5 -0.0628575 -0.057391
0.6 1.55 -0.0568837 -0.0541873
0.65 -1.95 -0.0363036 -0.0342033
0.65 -1.9 -0.0404463 -0.0363397
0.65 -1.85 -0.0446161 -0.0385931
0.65 -1.8 -0.048823 -0.0409697
0.65 -1.75 -0.0530767 -0.0434762
0.65 -1.7 -0.0573869 -0.0461197
0.65 -1.65 -0.0617633 -0.0489077
0.65 -1.6 -0.0662158 -0.0518483
0.65 -1.55 -0.0707544 -0.0549501
0.65 -1.5 -0.0753898 -0.0582221
0.65 -1.45 -0.0801333 -0.0616742
0.65 -1.4 -0.0849974 -0.0653168
0.65 -1.35 -0.0899959 -0.0691611
0.65 -1.3 -0.0951446 -0.073219
0.65 -1.25 -0.100461 -0.0775036
0.65 -1.2 -0.105966 -0.0820284
0.65 -1.15 -0.11168 -0.0868084
0.65 -1.1 -0.117627 -0.0918594
0.65 -1.05 -0.123823 -0.0971982
0.65 -1 -0.130281 -0.102843
0.65 -0.95 -0.136995 -0.108813
0.65 -0.9 -0.143943 -0.115129
0.65 -0.85 -0.151086 -0.121811
0.65 -0.8 -0.158367 -0.128882
0.65 -0.75 -0.165722 -0.136363
0.65 -0.7 -0.173081 -0.144275
0.65 -0.65 -0.180368 -0.152637
0.65 -0.6 -0.187506 -0.161464
0.65 -0.55 -0.194418 -0.170759
0.65 -0.5 -0.201027 -0.180517
0.65 -0.45 -0.207257 -0.190706
0.65 -0.4 -0.213038 -0.201265
0.65 -0.35 -0.2183 -0.212078
0.65 -0.3 -0.22298 -0.222958
0.65 -0.25 -0.227021 -0.233617
0.65 -0.2 -0.23037 -0.243643
0.65 -0.15 -0.232983 -0.252491
0.65 -0.1 -0.234825 -0.259514
0.65 -0.05 -0.235872 -0.264064
0.65 1.11022e-016 -0.236114 -0.265643
0.65 0.05 -0.235559 -0.264064
0.65 0.1 -0.23423 -0.259514
0.65 0.15 -0.232167 -0.252491
0.65 0.2 -0.22942 -0.243643
0.65 0.25 -0.226045 -0.233617
0.65 0.3 -0.222099 -0.222958
0.65 0.35 -0.217642 -0.212078
0.65 0.4 -0.212729 -0.201265
0.65 0.45 -0.207414 -0.190706
0.65 0.5 -0.201746 -0.180517
0.65 0.55 -0.195773 -0.170759
0.65 0.6 -0.189535 -0.161464
0.65 0.65 -0.183074 -0.152637
0.65 0.7 -0.176423 -0.144275
0.65 0.75 -0.169617 -0.136363
0.65 0.8 -0.162686 -0.128882
0.65 0.85 -0.155655 -0.121811
0.65 0.9 -0.148553 -0.115129
0.65 0.95 -0.141402 -0.108813
0.65 1 -0.134225 -0.102843
0.65 1.05 -0.127047 -0.0971982
0.65 1.1 -0.119887 -0.0918594
0.65 1.15 -0.11277 -0.0868084
0.65 1.2 -0.105717 -0.0820284
0.65 1.25 -0.0987502 -0.0775036
0.65 1.3 -0.0918932 -0.073219
0.65 1.35 -0.085169 -0.0691611
0.65 1.4 -0.0786006 -0.0653168
0.65 1.45 -0.0722114 -0.0616742
0.65 1.5 -0.0660245 -0.0582221
0.65 1.55 -0.0600631 -0.0549501
0.65 1.6 -0.0543501 -0.0518483
0.7 -1.95 -0.0366635 -0.0345523
0.7 -1.9 -0.0408438 -0.0367175
0.7 -1.85 -0.0450506 -0.0390024
0.7 -1.8 -0.0492928 -0.0414135
0.7 -1.75 -0.0535796 -0.0439578
0.7 -1.7 -0.0579199 -0.0466427
0.7 -1.65 -0.0623227 -0.0494763
0.7 -1.6 -0.0667972 -0.052467
0.7 -1.55 -0.0713529 -0.055624
0.7 -1.5 -0.076 -0.0589571
0.7 -1.45 -0.0807496 -0.0624768
0.7 -1.4 -0.0856143 -0.0661945
0.7 -1.35 -0.0906086 -0.0701223
0.7 -1.3 -0.0957498 -0.0742735
0.7 -1.25 -0.101059 -0.0786624
0.7 -1.2 -0.106561 -0.0833045
0.7 -1.15 -0.112286 -0.0882164
0.7 -1.1 -0.118268 -0.0934166
0.7 -1.05 -0.12454 -0.0989248
0.7 -1 -0.131128 -0.104763
0.7 -0.95 -0.138037 -0.110953
0.7 -0.9 -0.145245 -0.117523
0.7 -0.85 -0.152703 -0.124498
0.7 -0.8 -0.160344 -0.13191
0.7 -0.75 -0.168094 -0.139788
0.7 -0.7 -0.175869 -0.148167
0.7 -0.65 -0.183586 -0.15708
0.7 -0.6 -0.191159 -0.16656
0.7 -0.55 -0.198502 -0.176635
0.7 -0.5 -0.205531 -0.187326
0.7 -0.45 -0.212165 -0.198636
0.7 -0.4 -0.218325 -0.210539
0.7 -0.35 -0.223939 -0.222958
0.7 -0.3 -0.228937 -0.235731
0.7 -0.25 -0.233257 -0.24857
0.7 -0.2 -0.236843 -0.261
0.7 -0.15 -0.239646 -0.272311
0.7 -0.1 -0.241625 -0.281559
0.7 -0.05 -0.242752 -0.287696
0.7 1.11022e-016 -0.243013 -0.289856
0.7 0.05 -0.242417 -0.287696
0.7 0.1 -0.240994 -0.281559
0.7 0.15 -0.238792 -0.272311
0.7 0.2 -0.235873 -0.261
0.7 0.25 -0.232302 -0.24857
0.7 0.3 -0.228145 -0.235731
0.7 0.35 -0.223467 -0.222958
0.7 0.4 -0.218329 -0.210539
0.7 0.45 -0.212788 -0.198636
0.7 0.5 -0.206897 -0.187326
0.7 0.55 -0.200703 -0.176635
0.7 0.6 -0.194252 -0.16656
0.7 0.65 -0.187584 -0.15708
0.7 0.7 -0.180735 -0.148167
0.7 0.75 -0.17374 -0.139788
0.7 0.8 -0.166629 -0.13191
0.7 0.85 -0.159431 -0.124498
0.7 0.9 -0.152173 -0.117523
0.7 0.95 -0.144879 -0.110953
0.7 1 -0.137573 -0.104763
0.7 1.05 -0.130279 -0.0989248
0.7 1.1 -0.123017 -0.0934166
0.7 1.15 -0.115812 -0.0882164
0.7 1.2 -0.108685 -0.0833045
0.7 1.25 -0.101657 -0.0786624
0.7 1.3 -0.0947529 -0.0742735
0.7 1.35 -0.0879936 -0.0701223
0.7 1.4 -0.0814021 -0.0661945
0.7 1.45 -0.0750011 -0.0624768
0.7 1.5 -0.0688132 -0.0589571
0.7 1.55 -0.0628612 -0.055624
0.7 1.6 -0.0571675 -0.052467
0.7 1.65 -0.0517541 -0.0494763
0.75 -1.95 -0.0369546 -0.0348512
0.75 -1.9 -0.0411498 -0.0370413
0.75 -1.85 -0.0453702 -0.0393534
0.75 -1.8 -0.0496241 -0.0417943
0.75 -1.75 -0.0539196 -0.0443711
0.75 -1.7 -0.0582646 -0.0470919
0.75 -1.65 -0.0626672 -0.0499648
0.75 -1.6 -0.0671356 -0.0529989
0.75 -1.55 -0.0716783 -0.0562039
0.75 -1.5 -0.0763047 -0.05959
0.75 -1.45 -0.0810249 -0.0631686
0.75 -1.4 -0.0858509 -0.0669517
0.75 -1.35 -0.0907969 -0.0709525
0.75 -1.3 -0.0958808 -0.0751854
0.75 -1.25 -0.101126 -0.0796659
0.75 -1.2 -0.106561 -0.084411
0.75 -1.15 -0.112227 -0.0894395
0.75 -1.1 -0.118171 -0.0947718
0.75 -1.05 -0.12445 -0.10043
0.75 -1 -0.131115 -0.106441
0.75 -0.95 -0.138192 -0.11283
0.75 -0.9 -0.145653 -0.119628
0.75 -0.85 -0.153436 -0.12687
0.75 -0.8 -0.161456 -0.134593
0.75 -0.75 -0.169621 -0.142839
0.75 -0.7 -0.177836 -0.151653
0.75 -0.65 -0.186005 -0.161087
0.75 -0.6 -0.194035 -0.171194
0.75 -0.55 -0.201832 -0.18203
0.75 -0.5 -0.209303 -0.193653
0.75 -0.45 -0.21636 -0.20611
0.75 -0.4 -0.222919 -0.219435
0.75 -0.35 -0.228901 -0.233617
0.75 -0.3 -0.234233 -0.24857
0.75 -0.25 -0.238848 -0.264064
0.75 -0.2 -0.242685 -0.279618
0.75 -0.15 -0.24569 -0.294367
0.75 -0.1 -0.247818 -0.306953
0.75 -0.05 -0.249032 -0.315621
0.75 1.11022e-016 -0.249314 -0.31874
0.75 0.05 -0.248671 -0.315621
0.75 0.1 -0.247143 -0.306953
0.75 0.15 -0.244792 -0.294367
0.75 0.2 -0.241691 -0.279618
0.75 0.25 -0.237917 -0.264064
0.75 0.3 -0.233547 -0.24857
0.75 0.35 -0.22865 -0.233617
0.75 0.4 -0.223292 -0.219435
0.75 0.45 -0.217534 -0.20611
0.75 0.5 -0.21143 -0.193653
0.75 0.55 -0.20503 -0.18203
0.75 0.6 -0.19838 -0.171194
0.75 0.65 -0.191521 -0.161087
0.75 0.7 -0.184491 -0.151653
0.75 0.75 -0.177325 -0.142839
0.75 0.8 -0.170054 -0.134593
0.75 0.85 -0.162706 -0.12687
0.75 0.9 -0.155309 -0.119628
0.75 0.95 -0.147889 -0.11283
0.75 1 -0.140468 -0.106441
0.75 1.05 -0.133071 -0.10043
0.75 1.1 -0.12572 -0.0947718
0.75 1.15 -0.118436 -0.0894395
0.75 1.2 -0.111243 -0.084411
0.75 1.25 -0.104161 -0.0796659
0.75 1.3 -0.0972138 -0.0751854
0.75 1.35 -0.0904223 -0.0709525
0.75 1.4 -0.083809 -0.0669517
0.75 1.45 -0.0773962 -0.0631686
0.75 1.5 -0.0712061 -0.05959
0.75 1.55 -0.0652611 -0.0562039
0.75 1.6 -0.0595832 -0.0529989
0.75 1.65 -0.0541945 -0.0499648
0.75 1.7 -0.0491167 -0.0470919
0.8 -1.95 -0.0371761 -0.0350982
0.8 -1.9 -0.0413641 -0.037309
0.8 -1.85 -0.0455758 -0.0396437
0.8 -1.8 -0.0498185 -0.0421093
0.8 -1.75 -0.054099 -0.0447134
0.8 -1.7 -0.058424 -0.0474639
0.8 -1.65 -0.0628005 -0.0503697
0.8 -1.6 -0.0672354 -0.0534401
0.8 -1.55 -0.0717358 -0.0566851
0.8 -1.5 -0.0763095 -0.0601156
0.8 -1.45 -0.0809651 -0.0637434
0.8 -1.4 -0.0857128 -0.0675815
0.8 -1.35 -0.0905654 -0.0716436
0.8 -1.3 -0.0955394 -0.0759452
0.8 -1.25 -0.100658 -0.080503
0.8 -1.2 -0.105953 -0.0853353
0.8 -1.15 -0.111471 -0.0904625
0.8 -1.1 -0.117279 -0.0959072
0.8 -1.05 -0.123467 -0.101694
0.8 -1 -0.130135 -0.107852
0.8 -0.95 -0.137352 -0.114412
0.8 -0.9 -0.145074 -0.121408
0.8 -0.85 -0.153205 -0.128882
0.8 -0.8 -0.16163 -0.136878
0.8 -0.75 -0.170238 -0.145448
0.8 -0.7 -0.178919 -0.154651
0.8 -0.65 -0.187568 -0.164554
0.8 -0.6 -0.19608 -0.175234
0.8 -0.55 -0.204353 -0.186778
0.8 -0.5 -0.212287 -0.199284
0.8 -0.45 -0.219788 -0.21286
0.8 -0.4 -0.226763 -0.227613
0.8 -0.35 -0.233129 -0.243643
0.8 -0.3 -0.238807 -0.261
0.8 -0.25 -0.243728 -0.279618
0.8 -0.2 -0.247827 -0.299158
0.8 -0.15 -0.251047 -0.31874
0.8 -0.1 -0.253335 -0.33654
0.8 -0.05 -0.254646 -0.349565
0.8 1.11022e-016 -0.254951 -0.354438
0.8 0.05 -0.254254 -0.349565
0.8 0.1 -0.252607 -0.33654
0.8 0.15 -0.250091 -0.31874
0.8 0.2 -0.246799 -0.299158
0.8 0.25 -0.24282 -0.279618
0.8 0.3 -0.238237 -0.261
0.8 0.35 -0.233128 -0.243643
0.8 0.4 -0.22756 -0.227613
0.8 0.45 -0.221597 -0.21286
0.8 0.5 -0.215296 -0.199284
0.8 0.55 -0.208707 -0.186778
0.8 0.6 -0.201877 -0.175234
0.8 0.65 -0.194847 -0.164554
0.8 0.7 -0.187656 -0.154651
0.8 0.75 -0.180339 -0.145448
0.8 0.8 -0.172927 -0.136878
0.8 0.85 -0.165449 -0.128882
0.8 0.9 -0.157933 -0.121408
0.8 0.95 -0.150403 -0.114412
0.8 1 -0.142884 -0.107852
0.8 1.05 -0.135399 -0.101694
0.8 1.1 -0.127971 -0.0959072
0.8 1.15 -0.12062 -0.0904625
0.8 1.2 -0.11337 -0.0853353
0.8 1.25 -0.106242 -0.080503
0.8 1.3 -0.0992569 -0.0759452
0.8 1.35 -0.0924372 -0.0716436
0.8 1.4 -0.0858045 -0.0675815
0.8 1.45 -0.0793807 -0.0637434
0.8 1.5 -0.0731877 -0.0601156
0.8 1.55 -0.0672476 -0.0566851
0.8 1.6 -0.0615825 -0.0534401
0.8 1.65 -0.0562143 -0.0503697
0.8 1.7 -0.0511649 -0.0474639
0.8 1.75 -0.0464561 -0.0447134
0.85 -1.95 -0.0373275 -0.035292
0.85 -1.9 -0.0414874 -0.0375191
0.85 -1.85 -0.0456692 -0.0398715
0.85 -1.8 -0.0498787 -0.0423566
0.85 -1.75 -0.0541215 -0.0449821
0.85 -1.7 -0.0584031 -0.0477562
0.85 -1.65 -0.0627289 -0.0506879
0.85 -1.6 -0.0671041 -0.0537869
0.85 -1.55 -0.0715341 -0.0570636
0.85 -1.5 -0.0760245 -0.0605292
0.85 -1.45 -0.0805817 -0.0641962
0.85 -1.4 -0.0852131 -0.0680778
0.85 -1.35 -0.0899279 -0.0721887
0.85 -1.3 -0.0947391 -0.076545
0.85 -1.25 -0.0996656 -0.0811644
0.85 -1.2 -0.104737 -0.0860664
0.85 -1.15 -0.110002 -0.0912727
0.85 -1.1 -0.115542 -0.0968076
0.85 -1.05 -0.12149 -0.102698
0.85 -1 -0.128041 -0.108975
0.85 -0.95 -0.135381 -0.115673
0.85 -0.9 -0.143399 -0.12283
0.85 -0.85 -0.151923 -0.130494
0.85 -0.8 -0.160796 -0.138714
0.85 -0.75 -0.169882 -0.147553
0.85 -0.7 -0.17906 -0.15708
0.85 -0.65 -0.188214 -0.167379
0.85 -0.6 -0.197234 -0.178549
0.85 -0.55 -0.206007 -0.190706
0.85 -0.5 -0.214427 -0.203994
0.85 -0.45 -0.222389 -0.21858
0.85 -0.4 -0.229796 -0.234667
0.85 -0.35 -0.236557 -0.252491
0.85 -0.3 -0.242591 -0.272311
0.85 -0.25 -0.247825 -0.294367
0.85 -0.2 -0.252192 -0.31874
0.85 -0.15 -0.255635 -0.344978
0.85 -0.1 -0.258094 -0.371185
0.85 -0.05 -0.259514 -0.392491
0.85 1.11022e-016 -0.259846 -0.401099
0.85 0.05 -0.259082 -0.392491
0.85 0.1 -0.257298 -0.371185
0.85 0.15 -0.254605 -0.344978
0.85 0.2 -0.251116 -0.31874
0.85 0.25 -0.246932 -0.294367
0.85 0.3 -0.242145 -0.272311
0.85 0.35 -0.236835 -0.252491
0.85 0.4 -0.231073 -0.234667
0.85 0.45 -0.224924 -0.21858
0.85 0.5 -0.218446 -0.203994
0.85 0.55 -0.211689 -0.190706
0.85 0.6 -0.204701 -0.178549
0.85 0.65 -0.197524 -0.167379
0.85 0.7 -0.190195 -0.15708
0.85 0.75 -0.18275 -0.147553
0.85 0.8 -0.17522 -0.138714
0.85 0.85 -0.167633 -0.130494
0.85 0.9 -0.160017 -0.12283
0.85 0.95 -0.152398 -0.115673
0.85 1 -0.144798 -0.108975
0.85 1.05 -0.137242 -0.102698
0.85 1.1 -0.12975 -0.0968076
0.85 1.15 -0.122345 -0.0912727
0.85 1.2 -0.115049 -0.0860664
0.85 1.25 -0.107882 -0.0811644
0.85 1.3 -0.100866 -0.076545
0.85 1.35 -0.0940232 -0.0721887
0.85 1.4 -0.0873741 -0.0680778
0.85 1.45 -0.0809407 -0.0641962
0.85 1.5 -0.0747447 -0.0605292
0.85 1.55 -0.0688079 -0.0570636
0.85 1.6 -0.0631525 -0.0537869
0.85 1.65 -0.0578004 -0.0506879
0.85 1.7 -0.0527739 -0.0477562
0.85 1.75 -0.0480954 -0.0449821
0.85 1.8 -0.0437871 -0.0423566
0.9 -1.95 -0.0374091 -0.0354312
0.9 -1.9 -0.0415212 -0.03767
0.9 -1.85 -0.0456528 -0.0400353
0.9 -1.8 -0.0498086 -0.0425345
0.9 -1.75 -0.0539926 -0.0451754
0.9 -1.7 -0.0582087 -0.0479665
0.9 -1.65 -0.0624606 -0.050917
0.9 -1.6 -0.0667518 -0.0540366
0.9 -1.55 -0.0710854 -0.0573362
0.9 -1.5 -0.0754645 -0.0608274
0.9 -1.45 -0.0798923 -0.0645226
0.9 -1.4 -0.0843723 -0.0684359
0.9 -1.35 -0.0889087 -0.0725822
0.9 -1.3 -0.0935079 -0.0769783
0.9 -1.25 -0.0981799 -0.0816425
0.9 -1.2 -0.102943 -0.0865953
0.9 -1.15 -0.107833 -0.0918594
0.9 -1.1 -0.112926 -0.0974602
0.9 -1.05 -0.11839 -0.103427
0.9 -1 -0.124582 -0.109791
0.9 -0.95 -0.132094 -0.11659
0.9 -0.9 -0.140512 -0.123868
0.9 -0.85 -0.149513 -0.131672
0.9 -0.8 -0.158891 -0.14006
0.9 -0.75 -0.168496 -0.1491
0.9 -0.7 -0.178201 -0.158872
0.9 -0.65 -0.187889 -0.169472
0.9 -0.6 -0.19744 -0.181018
0.9 -0.55 -0.206737 -0.193653
0.9 -0.5 -0.215663 -0.207557
0.9 -0.45 -0.224105 -0.222958
0.9 -0.4 -0.231957 -0.240149
0.9 -0.35 -0.239123 -0.259514
0.9 -0.3 -0.245515 -0.281559
0.9 -0.25 -0.251061 -0.306953
0.9 -0.2 -0.255694 -0.33654
0.9 -0.15 -0.259358 -0.371185
0.9 -0.1 -0.261993 -0.41076
0.9 -0.05 -0.263535 -0.449815
0.9 1.11022e-016 -0.263906 -0.468713
0.9 0.05 -0.263053 -0.449815
0.9 0.1 -0.26111 -0.41076
0.9 0.15 -0.25823 -0.371185
0.9 0.2 -0.254546 -0.33654
0.9 0.25 -0.250169 -0.306953
0.9 0.3 -0.245194 -0.281559
0.9 0.35 -0.239704 -0.259514
0.9 0.4 -0.233771 -0.240149
0.9 0.45 -0.22746 -0.222958
0.9 0.5 -0.22083 -0.207557
0.9 0.55 -0.213932 -0.193653
0.9 0.6 -0.206813 -0.181018
0.9 0.65 -0.199515 -0.169472
0.9 0.7 -0.192075 -0.158872
0.9 0.75 -0.184527 -0.1491
0.9 0.8 -0.176904 -0.14006
0.9 0.85 -0.169232 -0.131672
0.9 0.9 -0.16154 -0.123868
0.9 0.95 -0.153852 -0.11659
0.9 1 -0.14619 -0.109791
0.9 1.05 -0.138579 -0.103427
0.9 1.1 -0.13104 -0.0974602
0.9 1.15 -0.123595 -0.0918594
0.9 1.2 -0.116263 -0.0865953
0.9 1.25 -0.109068 -0.0816425
0.9 1.3 -0.102029 -0.0769783
0.9 1.35 -0.095168 -0.0725822
0.9 1.4 -0.0885062 -0.0684359
0.9 1.45 -0.0820651 -0.0645226
0.9 1.5 -0.0758663 -0.0608274
0.9 1.55 -0.0699315 -0.0573362
0.9 1.6 -0.0642827 -0.0540366
0.9 1.65 -0.0589422 -0.050917
0.9 1.7 -0.0539326 -0.0479665
0.9 1.75 -0.0492767 -0.0451754
0.9 1.8 -0.044998 -0.0425345
0.9 1.85 -0.0411208 -0.0400353
0.95 -1.95 -0.0374216 -0.0355151
0.95 -1.9 -0.0414675 -0.037761
0.95 -1.85 -0.0455304 -0.0401341
0.95 -1.8 -0.0496133 -0.0426417
0.95 -1.75 -0.0537188 -0.0452919
0.95 -1.7 -0.0578492 -0.0480933
0.95 -1.65 -0.0620062 -0.0510551
0.95 -1.6 -0.0661913 -0.0541873
0.95 -1.55 -0.0704051 -0.0575008
0.95 -1.5 -0.074648 -0.0610073
0.95 -1.45 -0.0789195 -0.0647198
0.95 -1.4 -0.0832183 -0.0686522
0.95 -1.35 -0.0875427 -0.07282
0.95 -1.3 -0.0918896 -0.0772402
0.95 -1.25 -0.0962557 -0.0819317
0.95 -1.2 -0.100638 -0.0869153
0.95 -1.15 -0.105036 -0.0922146
0.95 -1.1 -0.10947 -0.0978557
0.95 -1.05 -0.114042 -0.103868
0.95 -1 -0.119226 -0.110286
0.95 -0.95 -0.127255 -0.117148
0.95 -0.9 -0.136322 -0.124498
0.95 -0.85 -0.145926 -0.132389
0.95 -0.8 -0.155872 -0.140881
0.95 -0.75 -0.166032 -0.150046
0.95 -0.7 -0.176291 -0.15997
0.95 -0.65 -0.186535 -0.170759
0.95 -0.6 -0.196641 -0.182542
0.95 -0.55 -0.206483 -0.195481
0.95 -0.5 -0.215936 -0.209782
0.95 -0.45 -0.224875 -0.225716
0.95 -0.4 -0.233184 -0.243643
0.95 -0.35 -0.240759 -0.264064
0.95 -0.3 -0.247507 -0.287696
0.95 -0.25 -0.253354 -0.315621
0.95 -0.2 -0.258237 -0.349565
0.95 -0.15 -0.262103 -0.392491
0.95 -0.1 -0.264904 -0.449815
0.95 -0.05 -0.266576 -0.529692
0.95 1.11022e-016 -0.267011 -0.596608
0.95 0.05 -0.266031 -0.529692
0.95 0.1 -0.263911 -0.449815
0.95 0.15 -0.26085 -0.392491
0.95 0.2 -0.25699 -0.349565
0.95 0.25 -0.252445 -0.315621
0.95 0.3 -0.24731 -0.287696
0.95 0.35 -0.241669 -0.264064
0.95 0.4 -0.235595 -0.243643
0.95 0.45 -0.229154 -0.225716
0.95 0.5 -0.222403 -0.209782
0.95 0.55 -0.215395 -0.195481
0.95 0.6 -0.208176 -0.182542
0.95 0.65 -0.200787 -0.170759
0.95 0.7 -0.193265 -0.15997
0.95 0.75 -0.185644 -0.150046
0.95 0.8 -0.177955 -0.140881
0.95 0.85 -0.170225 -0.132389
0.95 0.9 -0.16248 -0.124498
0.95 0.95 -0.154746 -0.117148
0.95 1 -0.147044 -0.110286
0.95 1.05 -0.139398 -0.103868
0.95 1.1 -0.131828 -0.0978557
0.95 1.15 -0.124356 -0.0922146
0.95 1.2 -0.117002 -0.0869153
0.95 1.25 -0.109788 -0.0819317
0.95 1.3 -0.102735 -0.0772402
0.95 1.35 -0.0958621 -0.07282
0.95 1.4 -0.089192 -0.0686522
0.95 1.45 -0.0827456 -0.0647198
0.95 1.5 -0.0765445 -0.0610073
0.95 1.55 -0.0706103 -0.0575008
0.95 1.6 -0.0649652 -0.0541873
0.95 1.65 -0.0596315 -0.0510551
0.95 1.7 -0.054632 -0.0480933
0.95 1.75 -0.0499901 -0.0452919
0.95 1.8 -0.0457303 -0.0426417
0.95 1.85 -0.0418784 -0.0401341
0.95 1.9 -0.0384626 -0.037761
1 -1.95 -0.0373659 -0.0355431
1 -1.9 -0.0413289 -0.0377914
1 -1.85 -0.0453061 -0.040167
1 -1.8 -0.0492989 -0.0426775
1 -1.75 -0.0533082 -0.0453309
1 -1.7 -0.0573346 -0.0481357
1 -1.65 -0.061378 -0.0511013
1 -1.6 -0.0654375 -0.0542377
1 -1.55 -0.0695115 -0.0575558
1 -1.5 -0.0735972 -0.0610675
1 -1.45 -0.0776903 -0.0647857
1 -1.4 -0.081785 -0.0687245
1 -1.35 -0.0858728 -0.0728995
1 -1.3 -0.0899413 -0.0773278
1 -1.25 -0.0939724 -0.0820284
1 -1.2 -0.0979372 -0.0870225
1 -1.15 -0.101785 -0.0923335
1 -1.1 -0.105414 -0.0979882
1 -1.05 -0.108569 -0.104016
1 -0.95 -0.120733 -0.117335
1 -0.9 -0.130866 -0.12471
1 -0.85 -0.141182 -0.13263
1 -0.8 -0.151727 -0.141157
1 -0.75 -0.162455 -0.150364
1 -0.7 -0.173281 -0.16034
1 -0.65 -0.184097 -0.171194
1 -0.6 -0.194777 -0.183058
1 -0.55 -0.205186 -0.196101
1 -0.5 -0.215185 -0.210539
1 -0.45 -0.224638 -0.226658
1 -0.4 -0.233416 -0.244845
1 -0.35 -0.241403 -0.265643
1 -0.3 -0.2485 -0.289856
1 -0.25 -0.254628 -0.31874
1 -0.2 -0.259727 -0.354438
1 -0.15 -0.263753 -0.401099
1 -0.1 -0.266669 -0.468713
1 -0.05 -0.268439 -0.596608
1 1.11022e-016 -0.268984 inf
1 0.05 -0.267816 -0.596608
1 0.1 -0.265539 -0.468713
1 0.15 -0.262338 -0.401099
1 0.2 -0.258347 -0.354438
1 0.25 -0.253676 -0.31874
1 0.3 -0.248421 -0.289856
1 0.35 -0.242668 -0.265643
1 0.4 -0.236491 -0.244845
1 0.45 -0.229957 -0.226658
1 0.5 -0.223122 -0.210539
1 0.55 -0.21604 -0.196101
1 0.6 -0.208756 -0.183058
1 0.65 -0.20131 -0.171194
1 0.7 -0.19374 -0.16034
1 0.75 -0.186077 -0.150364
1 0.8 -0.178353 -0.141157
1 0.85 -0.170593 -0.13263
1 0.9 -0.162823 -0.12471
1 0.95 -0.155067 -0.117335
1 1 -0.147347 -0.110452
1 1.05 -0.139686 -0.104016
1 1.1 -0.132103 -0.0979882
1 1.15 -0.12462 -0.0923335
1 1.2 -0.117258 -0.0870225
1 1.25 -0.110036 -0.0820284
1 1.3 -0.102977 -0.0773278
1 1.35 -0.0960994 -0.0728995
1 1.4 -0.0894256 -0.0687245
1 1.45 -0.0829767 -0.0647857
1 1.5 -0.0767741 -0.0610675
1 1.55 -0.0708395 -0.0575558
1 1.6 -0.065195 -0.0542377
1 1.65 -0.0598631 -0.0511013
1 1.7 -0.0548666 -0.0481357
1 1.75 -0.0502293 -0.0453309
1 1.8 -0.0459757 -0.0426775
1 1.85 -0.0421327 -0.040167
1 1.9 -0.0387304 -0.0377914
1 1.95 -0.0358061 -0.0355431
1.05 -1.95 -0.0372438 -0.0355151
1.05 -1.9 -0.0411089 -0.037761
1.05 -1.85 -0.0449851 -0.0401341
1.05 -1.8 -0.0488723 -0.0426417
1.05 -1.75 -0.0527697 -0.0452919
1.05 -1.7 -0.0566762 -0.0480933
1.05 -1.65 -0.0605896 -0.0510551
1.05 -1.6 -0.0645071 -0.0541873
1.05 -1.55 -0.0684245 -0.0575008
1.05 -1.5 -0.0723361 -0.0610073
1.05 -1.45 -0.0762344 -0.0647198
1.05 -1.4 -0.0801091 -0.0686522
1.05 -1.35 -0.083946 -0.07282
1.05 -1.3 -0.0877255 -0.0772402
1.05 -1.25 -0.0914189 -0.0819317
1.05 -1.2 -0.0949822 -0.0869153
1.05 -1.15 -0.0983441 -0.0922146
1.05 -1.1 -0.101381 -0.0978557
1.05 -0.85 -0.135379 -0.132389
1.05 -0.8 -0.146463 -0.140881
1.05 -0.75 -0.157735 -0.150046
1.05 -0.7 -0.169121 -0.15997
1.05 -0.65 -0.180514 -0.170759
1.05 -0.6 -0.191783 -0.182542
1.05 -0.55 -0.202779 -0.195481
1.05 -0.5 -0.213348 -0.209782
1.05 -0.45 -0.223336 -0.225716
1.05 -0.4 -0.232595 -0.243643
1.05 -0.35 -0.240997 -0.264064
1.05 -0.3 -0.248432 -0.287696
1.05 -0.25 -0.254817 -0.315621
1.05 -0.2 -0.260091 -0.349565
1.05 -0.15 -0.26421 -0.392491
1.05 -0.1 -0.267141 -0.449815
1.05 -0.05 -0.26884 -0.529692
1.05 1.11022e-016 -0.26922 -0.596608
1.05 0.05 -0.268123 -0.529692
1.05 0.1 -0.265843 -0.449815
1.05 0.15 -0.262596 -0.392491
1.05 0.2 -0.258539 -0.349565
1.05 0.25 -0.253796 -0.315621
1.05 0.3 -0.248469 -0.287696
1.05 0.35 -0.24265 -0.264064
1.05 0.4 -0.236413 -0.243643
1.05 0.45 -0.229827 -0.225716
1.05 0.5 -0.22295 -0.209782
1.05 0.55 -0.215834 -0.195481
1.05 0.6 -0.208524 -0.182542
1.05 0.65 -0.20106 -0.170759
1.05 0.7 -0.193478 -0.15997
1.05 0.75 -0.185809 -0.150046
1.05 0.8 -0.178081 -0.140881
1.05 0.85 -0.170322 -0.132389
1.05 0.9 -0.162556 -0.124498
1.05 0.95 -0.154805 -0.117148
1.05 1 -0.147091 -0.110286
1.05 1.05 -0.139436 -0.103868
1.05 1.1 -0.13186 -0.0978557
1.05 1.15 -0.124383 -0.0922146
1.05 1.2 -0.117025 -0.0869153
1.05 1.25 -0.109808 -0.0819317
1.05 1.3 -0.102752 -0.0772402
1.05 1.35 -0.0958769 -0.07282
1.05 1.4 -0.0892046 -0.0686522
1.05 1.45 -0.0827561 -0.0647198
1.05 1.5 -0.0765529 -0.0610073
1.05 1.55 -0.0706169 -0.0575008
1.05 1.6 -0.0649701 -0.0541873
1.05 1.65 -0.059635 -0.0510551
1.05 1.7 -0.0546343 -0.0480933
1.05 1.75 -0.0499915 -0.0452919
1.05 1.8 -0.045731 -0.0426417
1.05 1.85 -0.0418787 -0.0401341
1.05 1.9 -0.0384627 -0.037761
1.1 -1.95 -0.037057 -0.0354312
1.1 -1.9 -0.0408111 -0.03767
1.1 -1.85 -0.0445731 -0.0400353
1.1 -1.8 -0.0483411 -0.0425345
1.1 -1.75 -0.0521131 -0.0451754
1.1 -1.7 -0.0558859 -0.0479665
1.1 -1.65 -0.0596558 -0.050917
1.1 -1.6 -0.0634176 -0.0540366
1.1 -1.55 -0.0671651 -0.0573362
1.1 -1.5 -0.07089 -0.0608274
1.1 -1.45 -0.0745819 -0.0645226
1.1 -1.4 -0.078227 -0.0684359
1.1 -1.35 -0.0818074 -0.0725822
1.1 -1.3 -0.0852988 -0.0769783
1.1 -1.25 -0.0886681 -0.0816425
1.1 -1.2 -0.0918683 -0.0865953
1.1 -1.15 -0.0948315 -0.0918594
1.1 -0.75 -0.151825 -0.1491
1.1 -0.7 -0.163747 -0.158872
1.1 -0.65 -0.175717 -0.169472
1.1 -0.6 -0.187587 -0.181018
1.1 -0.55 -0.199193 -0.193653
1.1 -0.5 -0.210358 -0.207557
1.1 -0.45 -0.220904 -0.222958
1.1 -0.4 -0.230664 -0.240149
1.1 -0.35 -0.239488 -0.259514
1.1 -0.3 -0.247256 -0.281559
1.1 -0.25 -0.253877 -0.306953
1.1 -0.2 -0.259288 -0.33654
1.1 -0.15 -0.263452 -0.371185
1.1 -0.1 -0.266343 -0.41076
1.1 -0.05 -0.267934 -0.449815
1.1 1.11022e-016 -0.268191 -0.468713
1.1 0.05 -0.267104 -0.449815
1.1 0.1 -0.264844 -0.41076
1.1 0.15 -0.261598 -0.371185
1.1 0.2 -0.257525 -0.33654
1.1 0.25 -0.252759 -0.306953
1.1 0.3 -0.247409 -0.281559
1.1 0.35 -0.24157 -0.259514
1.1 0.4 -0.235321 -0.240149
1.1 0.45 -0.22873 -0.222958
1.1 0.5 -0.221856 -0.207557
1.1 0.55 -0.21475 -0.193653
1.1 0.6 -0.207458 -0.181018
1.1 0.65 -0.200017 -0.169472
1.1 0.7 -0.192462 -0.158872
1.1 0.75 -0.184824 -0.1491
1.1 0.8 -0.17713 -0.14006
1.1 0.85 -0.169405 -0.131672
1.1 0.9 -0.161672 -0.123868
1.1 0.95 -0.153954 -0.11659
1.1 1 -0.146272 -0.109791
1.1 1.05 -0.138645 -0.103427
1.1 1.1 -0.131095 -0.0974602
1.1 1.15 -0.123641 -0.0918594
1.1 1.2 -0.116304 -0.0865953
1.1 1.25 -0.109104 -0.0816425
1.1 1.3 -0.10206 -0.0769783
1.1 1.35 -0.0951953 -0.0725822
1.1 1.4 -0.0885296 -0.0684359
1.1 1.45 -0.0820847 -0.0645226
1.1 1.5 -0.0758821 -0.0608274
1.1 1.55 -0.0699438 -0.0573362
1.1 1.6 -0.0642918 -0.0540366
1.1 1.65 -0.0589486 -0.050917
1.1 1.7 -0.0539367 -0.0479665
1.1 1.75 -0.049279 -0.0451754
1.1 1.8 -0.0449991 -0.0425345
1.1 1.85 -0.0411212 -0.0400353
1.15 -1.95 -0.036808 -0.035292
1.15 -1.9 -0.0404398 -0.0375191
1.15 -1.85 -0.0440761 -0.0398715
1.15 -1.8 -0.0477137 -0.0423566
1.15 -1.75 -0.0513487 -0.0449821
1.15 -1.7 -0.0549766 -0.0477562
1.15 -1.65 -0.0585918 -0.0506879
1.15 -1.6 -0.0621873 -0.0537869
1.15 -1.55 -0.0657548 -0.0570636
1.15 -1.5 -0.069284 -0.0605292
1.15 -1.45 -0.0727621 -0.0641962
1.15 -1.4 -0.0761731 -0.0680778
1.15 -1.35 -0.0794968 -0.0721887
1.15 -1.3 -0.0827072 -0.076545
1.15 -1.25 -0.0857709 -0.0811644
1.15 -1.2 -0.0886445 -0.0860664
1.15 -0.65 -0.169623 -0.167379
1.15 -0.6 -0.182105 -0.178549
1.15 -0.55 -0.194347 -0.190706
1.15 -0.5 -0.206139 -0.203994
1.15 -0.45 -0.217277 -0.21858
1.15 -0.4 -0.227563 -0.234667
1.15 -0.35 -0.236826 -0.252491
1.15 -0.3 -0.244927 -0.272311
1.15 -0.25 -0.25177 -0.294367
1.15 -0.2 -0.257296 -0.31874
1.15 -0.15 -0.261475 -0.344978
1.15 -0.1 -0.264303 -0.371185
1.15 -0.05 -0.265786 -0.392491
1.15 1.11022e-016 -0.265942 -0.401099
1.15 0.05 -0.264825 -0.392491
1.15 0.1 -0.262571 -0.371185
1.15 0.15 -0.25934 -0.344978
1.15 0.2 -0.255284 -0.31874
1.15 0.25 -0.250535 -0.294367
1.15 0.3 -0.245208 -0.272311
1.15 0.35 -0.239397 -0.252491
1.15 0.4 -0.233184 -0.234667
1.15 0.45 -0.226637 -0.21858
1.15 0.5 -0.219815 -0.203994
1.15 0.55 -0.212769 -0.190706
1.15 0.6 -0.20554 -0.178549
1.15 0.65 -0.198167 -0.167379
1.15 0.7 -0.190683 -0.15708
1.15 0.75 -0.183116 -0.147553
1.15 0.8 -0.175492 -0.138714
1.15 0.85 -0.167836 -0.130494
1.15 0.9 -0.16017 -0.12283
1.15 0.95 -0.152515 -0.115673
1.15 1 -0.14489 -0.108975
1.15 1.05 -0.137316 -0.102698
1.15 1.1 -0.129813 -0.0968076
1.15 1.15 -0.1224 -0.0912727
1.15 1.2 -0.115098 -0.0860664
1.15 1.25 -0.107926 -0.0811644
1.15 1.3 -0.100906 -0.076545
1.15 1.35 -0.0940587 -0.0721887
1.15 1.4 -0.0874049 -0.0680778
1.15 1.45 -0.0809667 -0.0641962
1.15 1.5 -0.0747658 -0.0605292
1.15 1.55 -0.0688243 -0.0570636
1.15 1.6 -0.0631645 -0.0537869
1.15 1.65 -0.0578086 -0.0506879
1.15 1.7 -0.052779 -0.0477562
1.15 1.75 -0.048098 -0.0449821
1.15 1.8 -0.0437881 -0.0423566
1.2 -1.95 -0.0364994 -0.0350982
1.2 -1.9 -0.0399995 -0.037309
1.2 -1.85 -0.0435007 -0.0396437
1.2 -1.8 -0.0469984 -0.0421093
1.2 -1.75 -0.0504874 -0.0447134
1.2 -1.7 -0.0539613 -0.0474639
1.2 -1.65 -0.0574131 -0.0503697
1.2 -1.6 -0.0608343 -0.0534401
1.2 -1.55 -0.0642147 -0.0566851
1.2 -1.5 -0.0675423 -0.0601156
1.2 -1.45 -0.0708028 -0.0637434
1.2 -1.4 -0.0739786 -0.0675815
1.2 -1.35 -0.0770485 -0.0716436
1.2 -1.3 -0.0799866 -0.0759452
1.2 -1.25 -0.0827614 -0.080503
1.2 -0.55 -0.188145 -0.186778
1.2 -0.5 -0.200606 -0.199284
1.2 -0.45 -0.21238 -0.21286
1.2 -0.4 -0.22323 -0.227613
1.2 -0.35 -0.232955 -0.243643
1.2 -0.3 -0.2414 -0.261
1.2 -0.25 -0.248459 -0.279618
1.2 -0.2 -0.254083 -0.299158
1.2 -0.15 -0.25826 -0.31874
1.2 -0.1 -0.261015 -0.33654
1.2 -0.05 -0.26239 -0.349565
1.2 1.11022e-016 -0.26245 -0.354438
1.2 0.05 -0.261284 -0.349565
1.2 0.1 -0.259023 -0.33654
1.2 0.15 -0.255813 -0.31874
1.2 0.2 -0.251796 -0.299158
1.2 0.25 -0.247101 -0.279618
1.2 0.3 -0.241839 -0.261
1.2 0.35 -0.236105 -0.243643
1.2 0.4 -0.22998 -0.227613
1.2 0.45 -0.22353 -0.21286
1.2 0.5 -0.216812 -0.199284
1.2 0.55 -0.209875 -0.186778
1.2 0.6 -0.202761 -0.175234
1.2 0.65 -0.195504 -0.164554
1.2 0.7 -0.188135 -0.154651
1.2 0.75 -0.180682 -0.145448
1.2 0.8 -0.17317 -0.136878
1.2 0.85 -0.16562 -0.128882
1.2 0.9 -0.158054 -0.121408
1.2 0.95 -0.150491 -0.114412
1.2 1 -0.142952 -0.107852
1.2 1.05 -0.135456 -0.101694
1.2 1.1 -0.128021 -0.0959072
1.2 1.15 -0.120667 -0.0904625
1.2 1.2 -0.113415 -0.0853353
1.2 1.25 -0.106285 -0.080503
1.2 1.3 -0.0992977 -0.0759452
1.2 1.35 -0.0924749 -0.0716436
1.2 1.4 -0.0858381 -0.0675815
1.2 1.45 -0.0794095 -0.0637434
1.2 1.5 -0.0732113 -0.0601156
1.2 1.55 -0.0672659 -0.0566851
1.2 1.6 -0.0615956 -0.0534401
1.2 1.65 -0.0562228 -0.0503697
1.2 1.7 -0.0511696 -0.0474639
1.2 1.75 -0.046458 -0.0447134
1.25 -1.95 -0.0361341 -0.0348512
1.25 -1.9 -0.039495 -0.0370413
1.25 -1.85 -0.0428537 -0.0393534
1.25 -1.8 -0.0462042 -0.0417943
1.25 -1.75 -0.0495399 -0.0443711
1.25 -1.7 -0.0528532 -0.0470919
1.25 -1.65 -0.0561353 -0.0499648
1.25 -1.6 -0.0593766 -0.0529989
1.25 -1.55 -0.0625653 -0.0562039
1.25 -1.5 -0.0656883 -0.05959
1.25 -1.45 -0.0687298 -0.0631686
1.25 -1.4 -0.0716717 -0.0669517
1.25 -1.35 -0.0744923 -0.0709525
1.25 -1.3 -0.0771667 -0.0751854
1.25 -0.45 -0.206123 -0.20611
1.25 -0.4 -0.217587 -0.219435
1.25 -0.35 -0.227812 -0.233617
1.25 -0.3 -0.236616 -0.24857
1.25 -0.25 -0.243892 -0.264064
1.25 -0.2 -0.249601 -0.279618
1.25 -0.15 -0.253761 -0.294367
1.25 -0.1 -0.256432 -0.306953
1.25 -0.05 -0.257697 -0.315621
1.25 1.11022e-016 -0.25766 -0.31874
1.25 0.05 -0.256438 -0.315621
1.25 0.1 -0.254168 -0.306953
1.25 0.15 -0.250989 -0.294367
1.25 0.2 -0.247036 -0.279618
1.25 0.25 -0.242431 -0.264064
1.25 0.3 -0.237281 -0.24857
1.25 0.35 -0.231675 -0.233617
1.25 0.4 -0.225692 -0.219435
1.25 0.45 -0.219394 -0.20611
1.25 0.5 -0.212837 -0.193653
1.25 0.55 -0.206065 -0.18203
1.25 0.6 -0.199117 -0.171194
1.25 0.65 -0.192026 -0.161087
1.25 0.7 -0.184822 -0.151653
1.25 0.75 -0.177528 -0.142839
1.25 0.8 -0.170169 -0.134593
1.25 0.85 -0.162764 -0.12687
1.25 0.9 -0.155333 -0.119628
1.25 0.95 -0.147896 -0.11283
1.25 1 -0.14047 -0.106441
1.25 1.05 -0.133075 -0.10043
1.25 1.1 -0.12573 -0.0947718
1.25 1.15 -0.118454 -0.0894395
1.25 1.2 -0.111267 -0.084411
1.25 1.25 -0.104191 -0.0796659
1.25 1.3 -0.0972464 -0.0751854
1.25 1.35 -0.0904553 -0.0709525
1.25 1.4 -0.0838403 -0.0669517
1.25 1.45 -0.077424 -0.0631686
1.25 1.5 -0.0712292 -0.05959
1.25 1.55 -0.0652787 -0.0562039
1.25 1.6 -0.0595954 -0.0529989
1.25 1.65 -0.0542017 -0.0499648
1.25 1.7 -0.0491198 -0.0470919
1.3 -1.95 -0.0357152 -0.0345523
1.3 -1.9 -0.0389313 -0.0367175
1.3 -1.85 -0.042142 -0.0390024
1.3 -1.8 -0.04534 -0.0414135
1.3 -1.75 -0.0485173 -0.0439578
1.3 -1.7 -0.0516652 -0.0466427
1.3 -1.65 -0.0547737 -0.0494763
1.3 -1.6 -0.0578317 -0.052467
1.3 -1.55 -0.0608266 -0.055624
1.3 -1.5 -0.063744 -0.0589571
1.3 -1.45 -0.0665674 -0.0624768
1.3 -1.4 -0.0692782 -0.0661945
1.3 -1.35 -0.0718549 -0.0701223
1.3 -0.35 -0.221316 -0.222958
1.3 -0.3 -0.230502 -0.235731
1.3 -0.25 -0.237996 -0.24857
1.3 -0.2 -0.243776 -0.261
1.3 -0.15 -0.247901 -0.272311
1.3 -0.1 -0.250473 -0.281559
1.3 -0.05 -0.251623 -0.287696
1.3 1.11022e-016 -0.251489 -0.289856
1.3 0.05 -0.250217 -0.287696
1.3 0.1 -0.247949 -0.281559
1.3 0.15 -0.244824 -0.272311
1.3 0.2 -0.240969 -0.261
1.3 0.25 -0.236499 -0.24857
1.3 0.3 -0.231512 -0.235731
1.3 0.35 -0.226092 -0.222958
1.3 0.4 -0.22031 -0.210539
1.3 0.45 -0.214225 -0.198636
1.3 0.5 -0.207888 -0.187326
1.3 0.55 -0.201339 -0.176635
1.3 0.6 -0.194614 -0.16656
1.3 0.65 -0.187744 -0.15708
1.3 0.7 -0.180754 -0.148167
1.3 0.75 -0.173667 -0.139788
1.3 0.8 -0.166504 -0.13191
1.3 0.85 -0.159284 -0.124498
1.3 0.9 -0.152025 -0.117523
1.3 0.95 -0.144745 -0.110953
1.3 1 -0.137462 -0.104763
1.3 1.05 -0.130194 -0.0989248
1.3 1.1 -0.12296 -0.0934166
1.3 1.15 -0.115779 -0.0882164
1.3 1.2 -0.108673 -0.0833045
1.3 1.25 -0.101662 -0.0786624
1.3 1.3 -0.0947682 -0.0742735
1.3 1.35 -0.0880153 -0.0701223
1.3 1.4 -0.081426 -0.0661945
1.3 1.45 -0.075024 -0.0624768
1.3 1.5 -0.0688328 -0.0589571
1.3 1.55 -0.062876 -0.055624
1.3 1.6 -0.0571769 -0.052467
1.3 1.65 -0.0517583 -0.0494763
1.35 -1.95 -0.0352462 -0.0342033
1.35 -1.9 -0.0383137 -0.0363397
1.35 -1.85 -0.0413727 -0.0385931
1.35 -1.8 -0.0444146 -0.0409697
1.35 -1.75 -0.0474304 -0.0434762
1.35 -1.7 -0.0504102 -0.0461197
1.35 -1.65 -0.053343 -0.0489077
1.35 -1.6 -0.0562166 -0.0518483
1.35 -1.55 -0.0590175 -0.0549501
1.35 -1.5 -0.0617303 -0.0582221
1.35 -1.45 -0.0643382 -0.0616742
1.35 -1.4 -0.0668222 -0.0653168
1.35 -0.25 -0.23067 -0.233617
1.35 -0.2 -0.236499 -0.243643
1.35 -0.15 -0.240564 -0.252491
1.35 -0.1 -0.24302 -0.259514
1.35 -0.05 -0.244051 -0.264064
1.35 1.11022e-016 -0.243831 -0.265643
1.35 0.05 -0.242529 -0.264064
1.35 0.1 -0.240293 -0.259514
1.35 0.15 -0.237262 -0.252491
1.35 0.2 -0.233555 -0.243643
1.35 0.25 -0.229276 -0.233617
1.35 0.3 -0.224514 -0.222958
1.35 0.35 -0.219344 -0.212078
1.35 0.4 -0.21383 -0.201265
1.35 0.45 -0.208025 -0.190706
1.35 0.5 -0.201972 -0.180517
1.35 0.55 -0.195708 -0.170759
1.35 0.6 -0.189266 -0.161464
1.35 0.65 -0.182672 -0.152637
1.35 0.7 -0.175949 -0.144275
1.35 0.75 -0.169118 -0.136363
1.35 0.8 -0.162196 -0.128882
1.35 0.85 -0.155202 -0.121811
1.35 0.9 -0.148152 -0.115129
1.35 0.95 -0.141063 -0.108813
1.35 1 -0.133951 -0.102843
1.35 1.05 -0.126835 -0.0971982
1.35 1.1 -0.119733 -0.0918594
1.35 1.15 -0.112665 -0.0868084
1.35 1.2 -0.105652 -0.0820284
1.35 1.25 -0.0987173 -0.0775036
1.35 1.3 -0.0918831 -0.073219
1.35 1.35 -0.0851736 -0.0691611
1.35 1.4 -0.0786131 -0.0653168
1.35 1.45 -0.0722265 -0.0616742
1.35 1.5 -0.0660383 -0.0582221
1.35 1.55 -0.0600732 -0.0549501
1.35 1.6 -0.0543551 -0.0518483
1.4 -1.95 -0.0347305 -0.0338063
1.4 -1.9 -0.0376474 -0.0359101
1.4 -1.85 -0.0405527 -0.0381278
1.4 -1.8 -0.0434369 -0.0404655
1.4 -1.75 -0.0462899 -0.0429294
1.4 -1.7 -0.0491008 -0.0455263
1.4 -1.65 -0.0518578 -0.0482631
1.4 -1.6 -0.0545476 -0.0511475
1.4 -1.55 -0.0571561 -0.0541873
1.4 -1.5 -0.0596673 -0.057391
1.4 -1.45 -0.0620638 -0.0607676
1.4 -0.15 -0.231593 -0.234667
1.4 -0.1 -0.233916 -0.240149
1.4 -0.05 -0.234835 -0.243643
1.4 1.11022e-016 -0.234556 -0.244845
1.4 0.05 -0.233265 -0.243643
1.4 0.1 -0.231117 -0.240149
1.4 0.15 -0.228243 -0.234667
1.4 0.2 -0.224753 -0.227613
1.4 0.25 -0.220738 -0.219435
1.4 0.3 -0.216276 -0.210539
1.4 0.35 -0.211431 -0.201265
1.4 0.4 -0.206259 -0.19187
1.4 0.45 -0.200805 -0.182542
1.4 0.5 -0.195105 -0.173409
1.4 0.55 -0.189193 -0.164554
1.4 0.6 -0.183096 -0.156028
1.4 0.65 -0.176837 -0.147859
1.4 0.7 -0.170435 -0.14006
1.4 0.75 -0.16391 -0.13263
1.4 0.8 -0.157276 -0.125565
1.4 0.85 -0.15055 -0.118854
1.4 0.9 -0.143746 -0.112484
1.4 0.95 -0.13688 -0.106441
1.4 1 -0.129968 -0.100709
1.4 1.05 -0.123028 -0.0952734
1.4 1.1 -0.116078 -0.0901192
1.4 1.15 -0.109139 -0.0852317
1.4 1.2 -0.102233 -0.0805969
1.4 1.25 -0.0953836 -0.0762013
1.4 1.3 -0.088615 -0.0720323
1.4 1.35 -0.0819528 -0.0680778
1.4 1.4 -0.0754229 -0.0643265
1.4 1.45 -0.0690515 -0.0607676
1.4 1.5 -0.0628647 -0.057391
1.4 1.55 -0.0568883 -0.0541873
1.45 -1.95 -0.0341719 -0.0333636
1.45 -1.9 -0.0369377 -0.0354312
1.45 -1.85 -0.0396889 -0.0376095
1.45 -1.8 -0.0424154 -0.0399042
1.45 -1.75 -0.045106 -0.0423212
1.45 -1.7 -0.047749 -0.0448666
1.45 -1.65 -0.0503317 -0.0475472
1.45 -1.6 -0.0528402 -0.0503697
1.45 -1.55 -0.0552597 -0.0533416
1.45 -1.5 -0.0575737 -0.0564704
1.45 -0.05 -0.223799 -0.225716
1.45 1.11022e-016 -0.223513 -0.226658
1.45 0.05 -0.222308 -0.225716
1.45 0.1 -0.220333 -0.222958
1.45 0.15 -0.217707 -0.21858
1.45 0.2 -0.214526 -0.21286
1.45 0.25 -0.210867 -0.20611
1.45 0.3 -0.206794 -0.198636
1.45 0.35 -0.202362 -0.190706
1.45 0.4 -0.197614 -0.182542
1.45 0.45 -0.192588 -0.174315
1.45 0.5 -0.187316 -0.166154
1.45 0.55 -0.181825 -0.158149
1.45 0.6 -0.176137 -0.150364
1.45 0.65 -0.170272 -0.142839
1.45 0.7 -0.164248 -0.135598
1.45 0.75 -0.15808 -0.128655
1.45 0.8 -0.15178 -0.122014
1.45 0.85 -0.145364 -0.115673
1.45 0.9 -0.138844 -0.109627
1.45 0.95 -0.132234 -0.103868
1.45 1 -0.12555 -0.0983876
1.45 1.05 -0.11881 -0.093174
1.45 1.1 -0.112031 -0.0882164
1.45 1.15 -0.105236 -0.0835038
1.45 1.2 -0.0984471 -0.0790249
1.45 1.25 -0.0916903 -0.0747687
1.45 1.3 -0.0849918 -0.0707246
1.45 1.35 -0.0783789 -0.0668823
1.45 1.4 -0.0718795 -0.0632321
1.45 1.45 -0.0655217 -0.0597644
1.45 1.5 -0.0593332 -0.0564704
1.5 -1.95 -0.033574 -0.0328776
1.5 -1.9 -0.0361897 -0.0349059
1.5 -1.85 -0.0387882 -0.0370413
1.5 -1.8 -0.0413584 -0.0392893
1.5 -1.75 -0.0438886 -0.0416553
1.5 -1.7 -0.0463662 -0.044145
1.5 -1.65 -0.0487779 -0.0467646
1.5 -1.6 -0.0511092 -0.0495204
1.5 -1.55 -0.0533446 -0.052419
1.5 0.05 -0.209543 -0.209782
1.5 0.1 -0.207863 -0.207557
1.5 0.15 -0.205608 -0.203994
1.5 0.2 -0.202854 -0.199284
1.5 0.25 -0.199662 -0.193653
1.5 0.3 -0.196083 -0.187326
1.5 0.35 -0.192159 -0.180517
1.5 0.4 -0.187925 -0.173409
1.5 0.45 -0.183412 -0.166154
1.5 0.5 -0.178644 -0.158872
1.5 0.55 -0.173645 -0.151653
1.5 0.6 -0.168432 -0.144566
1.5 0.65 -0.163024 -0.137658
1.5 0.7 -0.157433 -0.130962
1.5 0.75 -0.151673 -0.124498
1.5 0.8 -0.145755 -0.11828
1.5 0.85 -0.139691 -0.112312
1.5 0.9 -0.133492 -0.106596
1.5 0.95 -0.127171 -0.101129
1.5 1 -0.120742 -0.0959072
1.5 1.05 -0.114223 -0.0909239
1.5 1.1 -0.107632 -0.0861717
1.5 1.15 -0.100993 -0.0816425
1.5 1.2 -0.0943306 -0.0773278
1.5 1.25 -0.0876718 -0.073219
1.5 1.3 -0.0810454 -0.0693076
1.5 1.35 -0.0744815 -0.0655849
1.5 1.4 -0.0680103 -0.0620426
1.5 1.45 -0.0616623 -0.0586727
1.55 -1.95 -0.0329406 -0.032351
1.55 -1.9 -0.0354087 -0.034337
1.55 -1.85 -0.0378571 -0.0364264
1.55 -1.8 -0.040274 -0.0386244
1.55 -1.75 -0.0426471 -0.0409358
1.55 -1.7 -0.0449634 -0.043366
1.55 -1.65 -0.0472088 -0.0459207
1.55 -1.6 -0.0493683 -0.0486054
1.55 0.15 -0.191924 -0.190706
1.55 0.2 -0.189742 -0.186778
1.55 0.25 -0.187147 -0.18203
1.55 0.3 -0.184179 -0.176635
1.55 0.35 -0.180868 -0.170759
1.55 0.4 -0.177244 -0.164554
1.55 0.45 -0.173329 -0.158149
1.55 0.5 -0.169144 -0.151653
1.55 0.55 -0.164709 -0.145153
1.55 0.6 -0.160038 -0.138714
1.55 0.65 -0.155147 -0.132389
1.55 0.7 -0.150045 -0.126214
1.55 0.75 -0.144745 -0.120216
1.55 0.8 -0.139255 -0.114412
1.55 0.85 -0.133585 -0.108813
1.55 0.9 -0.127743 -0.103427
1.55 0.95 -0.121742 -0.0982541
1.55 1 -0.115594 -0.0932951
1.55 1.05 -0.109317 -0.0885471
1.55 1.1 -0.102929 -0.0840057
1.55 1.15 -0.0964566 -0.0796659
1.55 1.2 -0.0899256 -0.0755215
1.55 1.25 -0.0833666 -0.0715663
1.55 1.3 -0.0768114 -0.0677935
1.55 1.35 -0.0702931 -0.0641962
1.55 1.4 -0.0638452 -0.0607676
1.6 -1.95 -0.0322754 -0.0317866
1.6 -1.9 -0.0345996 -0.0337277
1.6 -1.85 -0.0369017 -0.0357684
1.6 -1.8 -0.0391697 -0.0379133
1.6 -1.75 -0.0413906 -0.040167
1.6 -1.7 -0.0435508 -0.0425345
1.6 -1.65 -0.0456359 -0.0450206
1.6 0.25 -0.173375 -0.171194
1.6 0.3 -0.171145 -0.16656
1.6 0.35 -0.168557 -0.161464
1.6 0.4 -0.165639 -0.156028
1.6 0.45 -0.162409 -0.150364
1.6 0.5 -0.158886 -0.144566
1.6 0.55 -0.155086 -0.138714
1.6 0.6 -0.151022 -0.132872
1.6 0.65 -0.146706 -0.12709
1.6 0.7 -0.142149 -0.121408
1.6 0.75 -0.137359 -0.115855
1.6 0.8 -0.132343 -0.110452
1.6 0.85 -0.127108 -0.105215
1.6 0.9 -0.12166 -0.100154
1.6 0.95 -0.116009 -0.0952734
1.6 1 -0.110167 -0.0905775
1.6 1.05 -0.104149 -0.0860664
1.6 1.1 -0.0979766 -0.0817387
1.6 1.15 -0.0916765 -0.0775917
1.6 1.2 -0.0852789 -0.0736217
1.6 1.25 -0.0788176 -0.0698243
1.6 1.3 -0.0723288 -0.0661945
1.6 1.35 -0.0658493 -0.062727
1.65 -1.95 -0.0315822 -0.0311873
1.65 -1.9 -0.0337672 -0.0330811
1.65 -1.85 -0.0359283 -0.0350707
1.65 -1.8 -0.0380527 -0.03716
1.65 -1.75 -0.0401272 -0.0393534
1.65 -1.7 -0.0421379 -0.0416553
1.65 0.35 -0.15532 -0.152637
1.65 0.4 -0.153205 -0.147859
1.65 0.45 -0.150743 -0.142839
1.65 0.5 -0.147956 -0.137658
1.65 0.55 -0.144857 -0.132389
1.65 0.6 -0.141461 -0.12709
1.65 0.65 -0.137779 -0.121811
1.65 0.7 -0.133818 -0.11659
1.65 0.75 -0.129587 -0.111459
1.65 0.8 -0.12509 -0.106441
1.65 0.85 -0.12033 -0.101553
1.65 0.9 -0.115312 -0.0968076
1.65 0.95 -0.110041 -0.0922146
1.65 1 -0.104526 -0.087779
1.65 1.05 -0.0987837 -0.0835038
1.65 1.1 -0.092835 -0.0793901
1.65 1.15 -0.0867096 -0.0754373
1.65 1.2 -0.0804422 -0.0716436
1.65 1.25 -0.0740719 -0.0680065
1.65 1.3 -0.0676399 -0.0645226
1.7 -1.95 -0.0308645 -0.0305561
1.7 -1.9 -0.0329162 -0.0324007
1.7 -1.85 -0.0349421 -0.034337
1.7 -1.8 -0.0369294 -0.0363686
1.7 -1.75 -0.0388646 -0.0384994
1.7 0.45 -0.138437 -0.135598
1.7 0.5 -0.136454 -0.130962
1.7 0.55 -0.134118 -0.126214
1.7 0.6 -0.131446 -0.121408
1.7 0.65 -0.128448 -0.11659
1.7 0.7 -0.125134 -0.111799
1.7 0.75 -0.121508 -0.107064
1.7 0.8 -0.117573 -0.102409
1.7 0.85 -0.113329 -0.0978557
1.7 0.9 -0.108776 -0.0934166
1.7 0.95 -0.103915 -0.089103
1.7 1 -0.0987498 -0.0849224
1.7 1.05 -0.0932948 -0.0808798
1.7 1.1 -0.0875733 -0.0769783
1.7 1.15 -0.0816188 -0.073219
1.7 1.2 -0.0754725 -0.0696021
1.7 1.25 -0.0691802 -0.0661263
1.75 -1.95 -0.030126 -0.029896
1.75 -1.9 -0.0320509 -0.0316898
1.75 -1.85 -0.0339486 -0.033571
1.75 -1.8 -0.035806 -0.0355431
1.75 0.55 -0.122973 -0.120216
1.75 0.6 -0.121074 -0.115855
1.75 0.65 -0.118808 -0.111459
1.75 0.7 -0.116184 -0.107064
1.75 0.75 -0.113207 -0.102698
1.75 0.8 -0.109878 -0.0983876
1.75 0.85 -0.106191 -0.0941514
1.75 0.9 -0.10214 -0.0900053
1.75 0.95 -0.0977182 -0.0859613
1.75 1 -0.0929236 -0.0820284
1.75 1.05 -0.0877652 -0.0782133
1.75 1.1 -0.0822684 -0.0745204
1.75 1.15 -0.0764736 -0.0709525
1.75 1.2 -0.0704311 -0.067511
1.8 -1.95 -0.0293701 -0.0292102
1.8 -1.9 -0.0311753 -0.0309516
1.8 -1.85 -0.0329522 -0.0327765
1.8 0.65 -0.108952 -0.106441
1.8 0.7 -0.10706 -0.102409
1.8 0.75 -0.104773 -0.0983876
1.8 0.8 -0.10209 -0.0943987
1.8 0.85 -0.0990032 -0.0904625
1.8 0.9 -0.0954958 -0.0865953
1.8 0.95 -0.091549 -0.0828097
1.8 1 -0.0871473 -0.0791159
1.8 1.05 -0.0822903 -0.0755215
1.8 1.1 -0.0770072 -0.0720323
1.8 1.15 -0.0713502 -0.0686522
1.85 -1.95 -0.0285998 -0.0285015
1.85 -1.9 -0.030293 -0.0301897
1.85 0.75 -0.0962928 -0.0941514
1.85 0.8 -0.094301 -0.0904625
1.85 0.85 -0.09186 -0.0868084
1.85 0.9 -0.0889454 -0.0832051
1.85 0.95 -0.0855185 -0.0796659
1.85 1 -0.0815382 -0.0762013
1.85 1.05 -0.0769818 -0.07282
1.85 1.1 -0.0718879 -0.0695283
1.9 -1.95 -0.0278183 -0.0277732
1.9 0.85 -0.0848516 -0.0832051
1.9 0.9 -0.0825942 -0.0798506
1.9 0.95 -0.0797542 -0.076545
1.9 1 -0.0762434 -0.0732993
1.9 1.05 -0.0719749 -0.0701223
1.95 0.95 -0.0744019 -0.0734602
1.95 1 -0.0714699 -0.0704224
Maximum Error: 0.0381127
L2 Error: 0.0171531
